6.313419054588019996e+00
6.313419054588019996e+00
6.270605838934382170e+00
6.373904059348116213e+00
6.373904059348116213e+00
6.285056366526191596e+00
6.263634981973221549e+00
6.270605838934382170e+00
6.263634981973221549e+00
6.348861201107040664e+00
6.296340176476206807e+00
6.272379744206967089e+00
6.279608325712353611e+00
6.263634981973221549e+00
6.259853595831123663e+00
6.285056366526191596e+00
6.259853595831123663e+00
6.259853595831123663e+00
6.296340176476206807e+00
6.304069597364563293e+00
6.380651121566985218e+00
6.300911635681313072e+00
6.279608325712353611e+00
6.300911635681313072e+00
6.241971989231394957e+00
6.273667820359412062e+00
6.300911635681313072e+00
6.293068804544494022e+00
6.296176955179138446e+00
6.381824032587677387e+00
6.422722246887756725e+00
6.273667820359412062e+00
6.422722246887756725e+00
6.333264021663453036e+00
6.271180012536470727e+00
6.264955411883230241e+00
6.264955411883230241e+00
6.264955411883230241e+00
6.293068804544494022e+00
6.380651121566985218e+00
6.381824032587677387e+00
6.188623610802838293e+00
6.189545165558937079e+00
6.188623610802838293e+00
6.203940328326307707e+00
6.262052277318945315e+00
6.296176955179138446e+00
6.296176955179138446e+00
6.326276055866352444e+00
6.189545165558937079e+00
6.326276055866352444e+00
6.441821098787809063e+00
6.333264021663453036e+00
6.384918977040187293e+00
6.384918977040187293e+00
6.612308558128733083e+00
6.333610739293464853e+00
6.333610739293464853e+00
6.333610739293464853e+00
6.356915431063394628e+00
6.497662519263625924e+00
6.447656358270156929e+00
6.588742246224078336e+00
6.612308558128733083e+00
6.588742246224078336e+00
6.456124134038988771e+00
6.419087833464224957e+00
6.588742246224078336e+00
6.486305558944454042e+00
6.486305558944454042e+00
6.326203134445416154e+00
6.280209198513208690e+00
6.262052277318945315e+00
6.280209198513208690e+00
6.284486691631848920e+00
6.304576635957695352e+00
6.280209198513208690e+00
6.447656358270156929e+00
6.441821098787809063e+00
6.447656358270156929e+00
6.304576635957695352e+00
6.306805216574055351e+00
6.497662519263625924e+00
6.484733935618467449e+00
6.306805216574055351e+00
6.396519527277892081e+00
6.479468855753343526e+00
6.306805216574055351e+00
6.484733935618467449e+00
6.484884836771332317e+00
6.530788897589069997e+00
6.484733935618467449e+00
6.470445329348577523e+00
6.551937353198312053e+00
6.519176178659343179e+00
6.470445329348577523e+00
6.365558548531674354e+00
6.412319952045622884e+00
6.419087833464224957e+00
6.470445329348577523e+00
6.326203134445416154e+00
6.365558548531674354e+00
6.428442890738657489e+00
6.479468855753343526e+00
6.453784084867853821e+00
6.428442890738657489e+00
6.398738246893701742e+00
6.453784084867853821e+00
6.530960609216156065e+00
6.530788897589069997e+00
6.530960609216156065e+00
6.515143968540230368e+00
6.525568353444903380e+00
6.530960609216156065e+00
6.538575883289761137e+00
6.519176178659343179e+00
6.538575883289761137e+00
6.539104513181013267e+00
6.494646807947634493e+00
6.538575883289761137e+00
6.412319952045622884e+00
6.239338373334120114e+00
6.239338373334120114e+00
6.239338373334120114e+00
6.396772319406954566e+00
6.398738246893701742e+00
6.398738246893701742e+00
6.417962467311019381e+00
6.396772319406954566e+00
6.387619631343352644e+00
6.417962467311019381e+00
6.514456617070170985e+00
6.525568353444903380e+00
6.514456617070170985e+00
6.588826607715061456e+00
6.651964589833518460e+00
6.514456617070170985e+00
6.470157453793081714e+00
6.494646807947634493e+00
6.470157453793081714e+00
6.549150543069083952e+00
6.388903686302803031e+00
6.388903686302803031e+00
6.388903686302803031e+00
6.243545928284552460e+00
6.366002842747830570e+00
6.366002842747830570e+00
6.366002842747830570e+00
6.479195438819090214e+00
6.387619631343352644e+00
6.387619631343352644e+00
6.491820380598730900e+00
6.479195438819090214e+00
6.454853092762451894e+00
6.491820380598730900e+00
6.671820759930997546e+00
6.651964589833518460e+00
6.671820759930997546e+00
6.496742283562680242e+00
6.487405184438840067e+00
6.671820759930997546e+00
6.761195627164698685e+00
6.549150543069083952e+00
6.761195627164698685e+00
6.528407109267361896e+00
6.511771379603989551e+00
6.422533718658916868e+00
6.422533718658916868e+00
6.422533718658916868e+00
6.511771379603989551e+00
6.424368343150393734e+00
6.424368343150393734e+00
6.424368343150393734e+00
6.432371090025789329e+00
6.432371090025789329e+00
6.429525883139059594e+00
6.370015850422275250e+00
6.477696315406319627e+00
6.551386852860260568e+00
6.453811260543500516e+00
6.453811260543500516e+00
6.463997751027005023e+00
6.463997751027005023e+00
6.453811260543500516e+00
6.495847569709810365e+00
6.454853092762451894e+00
6.454853092762451894e+00
6.370015850422275250e+00
6.487405184438840067e+00
6.477696315406319627e+00
6.528407109267361896e+00
6.463997751027005023e+00
6.527910184365708801e+00
6.527910184365708801e+00
6.527910184365708801e+00
6.127789291068325817e+00
6.127789291068325817e+00
6.429525883139059594e+00
6.429525883139059594e+00
6.535542766662120862e+00
6.506785555295873991e+00
6.506785555295873991e+00
6.506785555295873991e+00
6.588637972085589212e+00
6.551386852860260568e+00
6.741386698253013954e+00
6.554030338588149540e+00
6.585879616104885592e+00
6.585879616104885592e+00
6.594077714991389172e+00
6.472268619559668146e+00
6.472268619559668146e+00
6.463880689244623667e+00
6.472268619559668146e+00
6.594077714991389172e+00
6.585879616104885592e+00
6.463880689244623667e+00
6.441403500069868393e+00
6.495847569709810365e+00
6.441403500069868393e+00
6.105272195816539238e+00
6.301213220521352909e+00
6.105272195816539238e+00
6.301213220521352909e+00
6.488419939799226377e+00
6.496666394586475768e+00
6.488419939799226377e+00
6.325024018786928437e+00
6.304344393818747783e+00
6.554030338588149540e+00
6.554030338588149540e+00
6.407586006743221319e+00
6.496666394586475768e+00
6.407586006743221319e+00
6.459932672424282707e+00
6.594077422094921204e+00
6.594077422094921204e+00
6.590563104249350879e+00
6.594077422094921204e+00
6.370959118747811623e+00
6.341520710693203888e+00
6.590563104249350879e+00
6.045151318711647903e+00
6.045151318711647903e+00
6.295195964689743739e+00
6.304344393818747783e+00
6.295195964689743739e+00
6.289818598013306783e+00
6.259548629659757779e+00
6.295195964689743739e+00
6.453307727881415268e+00
6.459932672424282707e+00
6.453307727881415268e+00
6.382697652284293532e+00
6.351543265757011447e+00
6.453307727881415268e+00
6.319875535146612933e+00
6.341520710693203888e+00
6.319875535146612933e+00
6.307603548177907804e+00
6.312309231217134275e+00
6.319875535146612933e+00
6.181224954260692961e+00
6.181224954260692961e+00
6.295381101832264292e+00
6.078412201092539213e+00
6.078412201092539213e+00
6.078412201092539213e+00
6.263438475902475489e+00
6.259548629659757779e+00
6.263438475902475489e+00
6.263438475902475489e+00
6.348416294736992427e+00
6.351543265757011447e+00
6.348416294736992427e+00
6.396211983683042668e+00
6.415274162889240905e+00
6.322400805526838141e+00
6.325267082012769215e+00
6.357002244041983552e+00
6.183909380968249714e+00
6.240158787354854297e+00
6.240158787354854297e+00
6.240158787354854297e+00
6.282163439677575845e+00
6.282163439677575845e+00
6.289381104116130494e+00
6.294763267895125303e+00
6.322400805526838141e+00
6.348416294736992427e+00
6.327726029098054816e+00
6.312309231217134275e+00
6.327726029098054816e+00
6.327726029098054816e+00
6.176034679475709055e+00
6.295381101832264292e+00
6.176034679475709055e+00
6.184579436626691518e+00
6.195659807049333168e+00
6.184579436626691518e+00
6.228423053730494097e+00
6.228423053730494097e+00
6.228423053730494097e+00
6.428865664861930895e+00
6.289381104116130494e+00
6.289381104116130494e+00
6.293353128867092749e+00
6.195659807049333168e+00
6.428865664861930895e+00
6.476588700693989509e+00
6.293353128867092749e+00
6.486292605482836926e+00
6.415274162889240905e+00
6.486292605482836926e+00
6.570814178339778877e+00
6.519490254368219162e+00
6.486292605482836926e+00
6.575241959198026898e+00
6.357002244041983552e+00
6.575241959198026898e+00
6.437175028830225187e+00
6.353704790886395060e+00
6.353704790886395060e+00
6.353704790886395060e+00
6.489607271950671219e+00
6.400093553866089913e+00
6.440860503238545753e+00
6.328014254829694707e+00
6.437175028830225187e+00
6.328014254829694707e+00
6.380916374053208884e+00
6.416286291224395200e+00
6.416286291224395200e+00
6.416286291224395200e+00
6.104874245667902599e+00
6.089863995814437381e+00
6.104874245667902599e+00
6.226076192333942494e+00
6.226076192333942494e+00
6.226076192333942494e+00
6.500006745433744904e+00
6.476588700693989509e+00
6.476588700693989509e+00
6.373943647794813927e+00
6.089863995814437381e+00
6.500006745433744904e+00
6.457544300944269011e+00
6.373943647794813927e+00
6.440860503238545753e+00
6.519490254368219162e+00
6.440860503238545753e+00
6.198843523814526080e+00
6.195228276459816996e+00
6.198843523814526080e+00
6.130144730268405340e+00
6.130144730268405340e+00
6.130144730268405340e+00
6.218491942278887130e+00
6.457544300944269011e+00
6.457544300944269011e+00
6.298479059704495953e+00
6.195228276459816996e+00
6.218491942278887130e+00
6.249112672318305250e+00
6.298479059704495953e+00
6.306691669612211726e+00
6.400093553866089913e+00
6.306691669612211726e+00
6.352164310683210857e+00
6.342527650183143351e+00
6.306691669612211726e+00
6.253676018262885883e+00
6.380916374053208884e+00
6.253676018262885883e+00
6.349132875970989964e+00
6.080786786192607707e+00
6.344958716637390417e+00
6.344958716637390417e+00
6.344958716637390417e+00
6.260688244958235060e+00
6.291459402658181155e+00
6.258972275468795310e+00
6.362865614775651935e+00
6.313886251477923039e+00
6.179386036820863737e+00
6.050004174397394685e+00
6.050004174397394685e+00
6.050004174397394685e+00
6.085903861630399980e+00
6.085903861630399980e+00
6.119659702931376621e+00
6.044273843345876251e+00
6.207039003721686043e+00
6.261540178729243955e+00
6.318704854276352201e+00
6.207039003721686043e+00
6.258972275468795310e+00
6.349132875970989964e+00
6.362865614775651935e+00
6.231494155932733925e+00
6.231494155932733925e+00
6.151470767990637079e+00
6.231494155932733925e+00
6.115274689145668852e+00
6.119357150281084401e+00
6.115274689145668852e+00
6.249112672318305250e+00
6.249112672318305250e+00
6.207039003721686043e+00
6.119357150281084401e+00
6.342527650183143351e+00
6.258972275468795310e+00
6.100478839227314154e+00
6.119659702931376621e+00
6.119659702931376621e+00
6.039973020893753208e+00
6.100478839227314154e+00
6.127481475435607727e+00
6.039973020893753208e+00
6.377839791316787910e+00
6.318704854276352201e+00
6.377839791316787910e+00
6.432378159181874722e+00
6.520105726506464805e+00
6.377839791316787910e+00
6.281411743734334863e+00
6.291459402658181155e+00
6.281411743734334863e+00
6.476990301600012323e+00
6.433047419446911164e+00
6.281411743734334863e+00
6.241029757821186408e+00
6.313886251477923039e+00
6.241029757821186408e+00
6.447371799326316655e+00
6.343904126369521279e+00
6.241029757821186408e+00
6.142091130235374230e+00
6.119374202854170441e+00
6.119374202854170441e+00
6.108451706827480621e+00
6.119374202854170441e+00
6.235833678380515721e+00
6.108451706827480621e+00
6.018437434484979143e+00
6.127481475435607727e+00
6.127481475435607727e+00
6.081048913282317336e+00
6.184027103210775422e+00
6.184027103210775422e+00
6.184027103210775422e+00
6.195921533537259052e+00
6.081048913282317336e+00
6.469518480529286464e+00
6.520105726506464805e+00
6.469518480529286464e+00
6.195921533537259052e+00
6.195642569824746815e+00
6.270468490211166923e+00
6.295438108908327557e+00
6.469518480529286464e+00
6.432542568015237272e+00
6.433047419446911164e+00
6.432542568015237272e+00
6.342849122948137186e+00
6.334982004928849442e+00
6.295438108908327557e+00
6.355351357285843328e+00
6.432542568015237272e+00
6.331052066477027118e+00
6.343904126369521279e+00
6.331052066477027118e+00
6.350686771832226185e+00
6.110256545964863228e+00
6.331052066477027118e+00
6.213115341829373861e+00
6.235833678380515721e+00
6.213115341829373861e+00
5.940537724675259312e+00
6.005532745245214521e+00
6.040436083390442690e+00
6.243525835569201377e+00
6.327397835572898366e+00
5.940537724675259312e+00
5.940537724675259312e+00
6.005532745245214521e+00
6.004010560081236569e+00
5.988669129930856094e+00
5.988669129930856094e+00
6.004010560081236569e+00
5.998740995131414344e+00
6.260080069753843901e+00
6.195642569824746815e+00
6.195642569824746815e+00
6.260080069753843901e+00
5.988669129930856094e+00
6.260080069753843901e+00
6.389597682432923698e+00
6.334982004928849442e+00
6.389597682432923698e+00
6.262475207707275615e+00
6.369139209306406535e+00
6.256886151364380311e+00
6.389597682432923698e+00
6.303968058243925476e+00
6.350686771832226185e+00
6.303968058243925476e+00
6.109153451657756584e+00
6.109153451657756584e+00
6.257123494010865095e+00
6.337467524165561805e+00
6.337467524165561805e+00
6.337467524165561805e+00
6.109153451657756584e+00
6.182631019185874877e+00
6.182631019185874877e+00
6.231808253800338093e+00
6.198946403660959170e+00
6.040436083390442690e+00
6.040436083390442690e+00
6.176741229820056134e+00
6.231808253800338093e+00
6.242875322004037386e+00
6.198946403660959170e+00
6.330959458746650448e+00
6.176741229820056134e+00
6.319488813834516883e+00
6.327397835572898366e+00
6.319488813834516883e+00
6.309652517460267340e+00
6.310449604583124206e+00
6.330959458746650448e+00
6.551975396737667268e+00
6.319488813834516883e+00
6.453516629711692154e+00
6.369139209306406535e+00
6.453516629711692154e+00
6.504903568847582918e+00
6.375866352227165024e+00
6.375866352227165024e+00
6.539081575497761811e+00
6.453516629711692154e+00
6.323525247868165167e+00
6.256886151364380311e+00
6.323525247868165167e+00
6.539081575497761811e+00
6.375866352227165024e+00
6.323525247868165167e+00
6.270182151791759750e+00
6.114808342715682521e+00
6.114808342715682521e+00
6.107199433112312725e+00
6.088210451340279938e+00
6.107199433112312725e+00
6.114808342715682521e+00
5.851161430292539656e+00
6.361035319088388817e+00
6.361035319088388817e+00
6.361035319088388817e+00
6.360271508270711749e+00
5.851161430292539656e+00
6.274765559433207684e+00
6.242875322004037386e+00
6.242875322004037386e+00
6.274765559433207684e+00
6.360271508270711749e+00
6.369307653078832843e+00
6.286137755527034798e+00
6.417808654450618988e+00
6.274765559433207684e+00
6.423543562853426536e+00
6.310449604583124206e+00
6.423543562853426536e+00
6.479210680671641853e+00
6.494456669296479134e+00
6.417808654450618988e+00
6.658117760389368200e+00
6.423543562853426536e+00
6.624142919694017806e+00
6.504903568847582918e+00
6.624142919694017806e+00
6.538656766027782119e+00
6.600096200158826143e+00
6.600096200158826143e+00
6.461713364690407246e+00
6.624142919694017806e+00
6.443581898962514209e+00
6.405653164872978422e+00
6.405653164872978422e+00
6.375701718970475440e+00
6.405653164872978422e+00
6.461713364690407246e+00
6.600096200158826143e+00
6.443581898962514209e+00
6.157715556818961211e+00
6.375701718970475440e+00
6.083272924794273173e+00
6.088210451340279938e+00
6.083272924794273173e+00
6.118751910399828908e+00
6.157715556818961211e+00
6.184822546178651237e+00
6.184822546178651237e+00
6.289433974018217910e+00
6.369307653078832843e+00
6.369307653078832843e+00
6.293489377870327139e+00
6.293489377870327139e+00
6.441537645943872015e+00
6.494456669296479134e+00
6.441537645943872015e+00
6.441537645943872015e+00
6.410670417127938059e+00
6.538656766027782119e+00
6.410670417127938059e+00
6.628742380252719890e+00
6.569972987947340748e+00
6.569972987947340748e+00
6.500872997948562215e+00
6.500872997948562215e+00
6.569972987947340748e+00
6.284428948259717096e+00
6.184822546178651237e+00
6.443239412956208056e+00
6.443239412956208056e+00
6.443239412956208056e+00
6.444305235096612350e+00
6.444305235096612350e+00
6.444305235096612350e+00
6.390403682659931306e+00
6.563580913869616396e+00
6.410670417127938059e+00
6.543711162085875443e+00
6.557703766740232254e+00
6.557703766740232254e+00
6.643721034449955987e+00
6.557703766740232254e+00
6.543711162085875443e+00
6.222869202508795716e+00
6.643721034449955987e+00
6.348841347158335147e+00
6.118751910399828908e+00
6.348841347158335147e+00
6.222869202508795716e+00
6.104267705291738011e+00
6.104267705291738011e+00
6.104267705291738011e+00
5.700457675632329746e+00
6.122985022737737815e+00
6.122985022737737815e+00
6.122985022737737815e+00
6.291016437343943224e+00
5.700457675632329746e+00
6.290282595907890517e+00
6.284423418621173596e+00
6.284423418621173596e+00
6.290282595907890517e+00
6.291016437343943224e+00
6.225408326630364364e+00
6.132634824213757163e+00
6.477841037796234325e+00
6.444305235096612350e+00
6.444305235096612350e+00
6.477841037796234325e+00
6.284423418621173596e+00
6.399975729719359130e+00
6.444215697070271531e+00
6.477841037796234325e+00
6.561051181302776314e+00
6.628742380252719890e+00
6.561051181302776314e+00
6.219285177523351749e+00
6.492551057192422093e+00
6.500353586839497488e+00
6.561051181302776314e+00
6.448187178756267457e+00
6.635577495201911091e+00
6.635577495201911091e+00
6.586415228176763392e+00
6.635577495201911091e+00
6.421613232722249265e+00
6.206896359924376050e+00
6.206896359924376050e+00
6.265360982053863381e+00
6.586415228176763392e+00
6.316103938301823817e+00
6.284428948259717096e+00
6.316103938301823817e+00
6.206896359924376050e+00
6.219285177523351749e+00
6.219285177523351749e+00
6.470133466703296143e+00
6.448106042365870039e+00
6.648706989848300886e+00
6.597056274059503345e+00
6.502550848876828660e+00
6.413150404944293115e+00
6.421613232722249265e+00
6.413150404944293115e+00
6.424718179309840238e+00
6.254131934729723064e+00
6.254131934729723064e+00
6.421346394044706862e+00
6.413150404944293115e+00
6.252088100177834562e+00
6.238988512106775630e+00
6.238988512106775630e+00
6.194656805318679460e+00
6.238988512106775630e+00
6.254131934729723064e+00
6.194656805318679460e+00
5.800003004434623577e+00
6.090528777233001456e+00
6.090528777233001456e+00
6.090528777233001456e+00
6.298078286573244533e+00
5.800003004434623577e+00
6.214057197562735446e+00
6.225408326630364364e+00
6.225408326630364364e+00
6.214057197562735446e+00
6.298078286573244533e+00
6.379268378437529918e+00
6.285900248295921422e+00
6.571395904217466111e+00
6.214057197562735446e+00
6.467578253760740914e+00
6.444215697070271531e+00
6.467578253760740914e+00
6.487113065801032974e+00
6.459252536308078163e+00
6.571395904217466111e+00
6.648706989848300886e+00
6.467578253760740914e+00
6.502550848876828660e+00
6.500353586839497488e+00
6.502550848876828660e+00
6.105222330414973975e+00
6.105222330414973975e+00
6.254036677579171588e+00
6.254036677579171588e+00
6.228142406483847537e+00
6.263274735474853472e+00
6.434426517057719508e+00
6.459064258231902222e+00
6.520938151751900058e+00
6.434426517057719508e+00
6.454886454005592356e+00
6.263274735474853472e+00
6.379268378437529918e+00
6.379268378437529918e+00
6.360619799833667543e+00
6.360619799833667543e+00
6.469245441057343449e+00
6.459252536308078163e+00
6.469245441057343449e+00
6.469245441057343449e+00
6.474881554130383243e+00
6.448106042365870039e+00
6.474881554130383243e+00
6.602330135965712721e+00
6.506902180601406016e+00
6.454886454005592356e+00
6.413437979535404843e+00
6.515001370123046698e+00
6.237484792173408898e+00
6.474881554130383243e+00
6.408874740554072247e+00
6.424718179309840238e+00
6.408874740554072247e+00
6.408874740554072247e+00
6.236340708657336585e+00
6.343560910534661090e+00
6.343560910534661090e+00
6.239412851751875877e+00
6.343560910534661090e+00
6.239412851751875877e+00
6.183107358723247238e+00
6.183107358723247238e+00
6.183107358723247238e+00
6.226964540060942355e+00
6.253296274705551383e+00
6.228142406483847537e+00
6.228142406483847537e+00
6.253296274705551383e+00
6.226964540060942355e+00
6.198881555781576402e+00
6.208861681863198534e+00
6.435715150709844679e+00
6.253296274705551383e+00
6.562297968790408831e+00
6.520938151751900058e+00
6.562297968790408831e+00
6.329750295419459327e+00
6.295285378729652770e+00
6.435715150709844679e+00
6.462247947377746549e+00
6.562297968790408831e+00
6.448735316850931376e+00
6.506902180601406016e+00
6.448735316850931376e+00
6.483041924633234032e+00
6.431355132065698754e+00
6.462247947377746549e+00
6.409649110922153170e+00
6.448735316850931376e+00
6.417220146004193992e+00
6.515001370123046698e+00
6.417220146004193992e+00
6.322618585640290334e+00
6.238719894313453196e+00
6.417220146004193992e+00
6.176604157121891703e+00
6.353126233219164476e+00
6.353126233219164476e+00
6.353126233219164476e+00
6.176604157121891703e+00
5.789703491564860194e+00
6.041801474558385010e+00
6.041801474558385010e+00
6.041801474558385010e+00
6.181178040183284317e+00
5.789703491564860194e+00
6.154390973545957877e+00
6.198881555781576402e+00
6.198881555781576402e+00
6.154390973545957877e+00
6.181178040183284317e+00
6.274915596703383613e+00
6.146451199121874431e+00
6.381980103005655991e+00
6.154390973545957877e+00
6.321932996543897509e+00
6.295285378729652770e+00
6.321932996543897509e+00
6.464302766829896463e+00
6.340503346100445192e+00
6.381980103005655991e+00
6.345713870052088978e+00
6.321932996543897509e+00
6.349932728785398162e+00
6.431355132065698754e+00
6.349932728785398162e+00
6.532440043695102894e+00
6.495639907900331522e+00
6.345713870052088978e+00
6.389926781659509558e+00
6.349932728785398162e+00
6.294445437083192374e+00
6.322618585640290334e+00
6.294445437083192374e+00
6.737705299334812103e+00
6.224175587865649284e+00
6.224175587865649284e+00
6.096351934762185287e+00
6.294445437083192374e+00
6.167866553052545164e+00
6.263590877408925728e+00
6.263590877408925728e+00
6.223451818348784137e+00
6.263590877408925728e+00
6.224175587865649284e+00
6.167866553052545164e+00
5.769164600277921551e+00
5.725099283821836416e+00
6.274915596703383613e+00
6.274915596703383613e+00
6.237136684642742956e+00
6.340503346100445192e+00
6.326966363227468193e+00
6.495639907900331522e+00
6.463647248250132371e+00
6.438912802122474410e+00
6.498244115758557982e+00
6.465042586530073798e+00
6.544643843486353418e+00
6.564445132045266362e+00
6.615671532824075385e+00
6.463647248250132371e+00
6.651874772741764197e+00
6.482030568955291727e+00
6.311847756438597301e+00
6.311847756438597301e+00
6.321707845611840959e+00
6.615671532824075385e+00
6.185569320818850692e+00
6.651874772741764197e+00
6.191493623334974217e+00
6.311847756438597301e+00
5.802091283217137629e+00
6.185569320818850692e+00
6.340309182955863321e+00
6.340309182955863321e+00
6.360858456147900242e+00
6.366684406693433829e+00
5.769164600277921551e+00
6.237136684642742956e+00
6.360858456147900242e+00
6.384119558932939142e+00
6.366684406693433829e+00
6.438021152406443015e+00
6.291998167199632341e+00
6.446560320721933302e+00
6.237136684642742956e+00
6.326966363227468193e+00
6.443431974525594796e+00
6.500656191211205304e+00
6.438021152406443015e+00
6.465042586530073798e+00
6.446560320721933302e+00
6.564445132045266362e+00
6.326966363227468193e+00
6.463647248250132371e+00
6.737705299334812103e+00
6.651874772741764197e+00
6.384399082917479262e+00
6.384399082917479262e+00
6.299810314995321292e+00
6.384399082917479262e+00
6.299810314995321292e+00
6.096567106485741405e+00
6.096567106485741405e+00
6.096567106485741405e+00
6.210825318332269696e+00
6.348926935121629533e+00
6.384119558932939142e+00
6.384119558932939142e+00
6.348926935121629533e+00
6.210825318332269696e+00
6.245053906972573010e+00
6.260414423394323968e+00
6.600885475838769167e+00
6.348926935121629533e+00
6.511622366594027156e+00
6.500656191211205304e+00
6.511622366594027156e+00
6.470536355951884921e+00
6.478352503202187584e+00
6.600885475838769167e+00
6.570223159606381813e+00
6.511622366594027156e+00
6.519712749760216752e+00
6.498244115758557982e+00
6.519712749760216752e+00
6.440311388398906267e+00
6.374035239939527031e+00
6.570223159606381813e+00
6.597371366483512745e+00
6.519712749760216752e+00
6.483588233194030437e+00
6.482030568955291727e+00
6.483588233194030437e+00
6.369059863766707075e+00
6.444365507754426403e+00
6.483588233194030437e+00
6.272743330844779308e+00
6.470911373318028126e+00
6.470911373318028126e+00
6.280982580140180183e+00
6.470911373318028126e+00
6.272743330844779308e+00
6.256551640837249906e+00
6.256551640837249906e+00
6.256551640837249906e+00
5.802091283217137629e+00
6.100455303116228301e+00
6.100455303116228301e+00
6.100455303116228301e+00
6.284795566576006465e+00
6.276342776200680262e+00
6.284795566576006465e+00
6.258525227921350798e+00
6.223022106159184830e+00
6.346290519302535849e+00
6.276342776200680262e+00
6.293572021416832030e+00
6.301710888271102817e+00
6.025934225088001917e+00
6.346290519302535849e+00
5.997608102569143007e+00
5.997608102569143007e+00
6.317836081392862901e+00
5.881053451432699752e+00
5.881053451432699752e+00
6.329401961941239385e+00
6.245053906972573010e+00
6.245053906972573010e+00
6.329401961941239385e+00
6.329401961941239385e+00
6.434497891594575414e+00
6.478352503202187584e+00
6.434497891594575414e+00
6.434497891594575414e+00
6.364407790337838655e+00
6.374035239939527031e+00
6.364407790337838655e+00
6.317836081392862901e+00
5.997608102569143007e+00
5.755518412502953929e+00
6.364407790337838655e+00
6.153510428968921531e+00
6.369059863766707075e+00
6.153510428968921531e+00
6.326229319378035676e+00
6.326229319378035676e+00
6.326229319378035676e+00
5.739018753366851300e+00
5.739018753366851300e+00
5.784257066447568540e+00
5.995805785853543846e+00
5.871759150545120320e+00
5.955192525656154423e+00
5.784257066447568540e+00
5.770643230684641800e+00
5.995805785853543846e+00
6.289151577603680821e+00
5.871759150545120320e+00
6.297041960513691805e+00
6.258525227921350798e+00
6.258525227921350798e+00
6.297041960513691805e+00
6.144378526980790234e+00
6.144378526980790234e+00
6.144378526980790234e+00
6.210897544706448947e+00
6.289151577603680821e+00
6.262176125035167296e+00
6.297041960513691805e+00
6.178180753134244974e+00
6.301710888271102817e+00
6.178180753134244974e+00
6.210897544706448947e+00
6.195800337010433978e+00
6.243562761814313689e+00
6.289253004789866708e+00
6.262176125035167296e+00
6.137240857691796059e+00
6.178180753134244974e+00
5.991696386011781783e+00
6.297862299630637928e+00
6.297862299630637928e+00
5.907113029016012540e+00
5.907113029016012540e+00
6.297862299630637928e+00
6.025934225088001917e+00
6.283158795675792163e+00
6.279964001069336277e+00
6.289253004789866708e+00
6.235957870561576577e+00
6.137240857691796059e+00
6.071643606598592591e+00
5.991696386011781783e+00
5.748003571317649829e+00
5.907113029016012540e+00
5.608335986340425627e+00
5.901750693330939157e+00
5.643450363693517602e+00
5.755518412502953929e+00
5.643450363693517602e+00
6.297523128287847882e+00
6.220527208900702654e+00
6.220527208900702654e+00
6.209385742724218282e+00
6.071643606598592591e+00
5.928516305177389256e+00
5.748003571317649829e+00
5.560012100498672893e+00
5.608335986340425627e+00
5.319680103999098186e+00
5.643450363693517602e+00
5.216808460760161914e+00
5.710263815741677185e+00
5.710263815741677185e+00
6.220527208900702654e+00
5.864915970186689975e+00
5.928516305177389256e+00
5.545586957256477767e+00
5.560012100498672893e+00
5.265735694452049032e+00
5.319680103999098186e+00
5.216808460760161914e+00
5.710263815741677185e+00
5.742439463592107884e+00
5.756950374407752591e+00
5.756950374407752591e+00
6.139738164762029271e+00
5.784140077687700554e+00
6.064365159613577916e+00
6.047706805204360769e+00
6.064365159613577916e+00
6.139738164762029271e+00
6.184810792030443594e+00
6.195800337010433978e+00
6.195800337010433978e+00
6.184810792030443594e+00
6.047706805204360769e+00
6.184810792030443594e+00
6.319236620191969855e+00
6.279964001069336277e+00
6.319236620191969855e+00
6.319236620191969855e+00
6.286953858790149674e+00
6.297523128287847882e+00
6.286953858790149674e+00
6.286953858790149674e+00
6.152975014719973323e+00
6.247333994791034684e+00
6.247333994791034684e+00
6.120723511018284491e+00
6.247333994791034684e+00
6.120723511018284491e+00
6.132813286260373253e+00
6.132813286260373253e+00
6.132813286260373253e+00
5.864915970186689975e+00
5.545586957256477767e+00
5.265735694452049032e+00
6.219714901135895424e+00
6.219714901135895424e+00
6.219714901135895424e+00
6.375980860702343378e+00
5.742439463592107884e+00
6.130356883852007499e+00
6.375980860702343378e+00
6.377043810408530078e+00
6.167840041639910176e+00
6.290202043845497748e+00
6.130356883852007499e+00
6.312970777407066691e+00
6.374106055828733908e+00
6.307866570554590879e+00
6.290202043845497748e+00
6.292673464416136397e+00
6.312970777407066691e+00
6.268100890654583424e+00
6.289457414756896014e+00
6.298577542331596391e+00
6.292673464416136397e+00
6.377107041054481229e+00
6.268100890654583424e+00
6.306304451127767940e+00
6.374605721591074747e+00
6.200189157137157459e+00
6.200189157137157459e+00
6.236229125063378120e+00
6.306304451127767940e+00
6.123263584052648589e+00
6.200189157137157459e+00
6.123263584052648589e+00
5.900140942425949220e+00
5.900140942425949220e+00
6.069408185520210885e+00
5.617781950877456687e+00
5.617781950877456687e+00
6.067247164601754505e+00
6.271586811851445731e+00
6.377043810408530078e+00
6.377043810408530078e+00
6.271586811851445731e+00
6.172280753721446800e+00
6.172280753721446800e+00
6.172280753721446800e+00
6.356760764988849566e+00
6.067247164601754505e+00
6.271209804600359483e+00
6.148627662965616913e+00
6.282004759208661859e+00
6.271586811851445731e+00
6.275322567942006380e+00
6.307866570554590879e+00
6.275322567942006380e+00
6.356760764988849566e+00
6.366032862393622871e+00
6.441132947248581431e+00
6.397660450738190008e+00
6.271209804600359483e+00
6.348900172831010380e+00
6.282004759208661859e+00
6.332555351451730097e+00
6.275322567942006380e+00
6.340582316911056004e+00
6.298577542331596391e+00
6.340582316911056004e+00
6.403513561639143425e+00
6.390250116020570914e+00
6.397660450738190008e+00
6.384504190833241388e+00
6.348900172831010380e+00
6.374843163246231903e+00
6.332555351451730097e+00
6.336121322609266748e+00
6.340582316911056004e+00
6.430431092405842541e+00
6.374605721591074747e+00
6.430431092405842541e+00
6.376259204542529702e+00
6.193547042729953489e+00
6.193547042729953489e+00
6.172778475460441783e+00
6.374843163246231903e+00
6.181055130157514732e+00
6.336121322609266748e+00
6.114819175990573008e+00
6.430431092405842541e+00
6.100734907152298270e+00
6.207685193737532359e+00
6.207685193737532359e+00
6.202861397958983503e+00
6.207685193737532359e+00
6.193547042729953489e+00
5.961865838427790720e+00
6.181055130157514732e+00
6.114819175990573008e+00
6.202861397958983503e+00
5.803791531652840341e+00
5.803791531652840341e+00
5.803791531652840341e+00
6.042703040297067396e+00
5.644253241041905511e+00
6.248868804849153413e+00
6.054333944556986147e+00
6.054333944556986147e+00
6.054333944556986147e+00
6.268023887647467873e+00
6.295898167334900819e+00
6.413069690870741191e+00
6.248868804849153413e+00
6.353961484177726327e+00
6.351650576115511981e+00
6.351650576115511981e+00
6.351650576115511981e+00
6.467868993485472728e+00
6.366292046071419186e+00
6.444387324674464068e+00
6.413069690870741191e+00
6.396079533031263864e+00
6.353961484177726327e+00
6.434233902194269383e+00
5.644253241041905511e+00
5.694019389039482348e+00
5.694019389039482348e+00
6.171918492887383145e+00
6.169455584873258402e+00
6.169455584873258402e+00
6.171918492887383145e+00
5.617781950877456687e+00
6.366032862393622871e+00
6.366032862393622871e+00
6.353961484177726327e+00
6.169455584873258402e+00
6.390250116020570914e+00
6.434233902194269383e+00
6.467868993485472728e+00
6.453327248704099794e+00
6.405261652343551049e+00
6.441114296514636628e+00
6.444387324674464068e+00
6.390296659964413983e+00
6.396079533031263864e+00
6.500819940758231219e+00
6.434233902194269383e+00
6.405955371241979002e+00
6.554587865314210227e+00
6.299472500769423000e+00
6.299472500769423000e+00
6.247375676358227992e+00
6.390296659964413983e+00
6.214320223886900862e+00
6.500819940758231219e+00
6.290506135825443934e+00
6.405955371241979002e+00
6.137477240321469019e+00
6.299472500769423000e+00
6.064801061036078522e+00
6.214320223886900862e+00
6.290506135825443934e+00
6.376259204542529702e+00
6.405955371241979002e+00
6.326743719826495749e+00
6.326743719826495749e+00
6.225411239638619421e+00
6.326743719826495749e+00
6.225411239638619421e+00
6.128905384891657704e+00
6.128905384891657704e+00
6.128905384891657704e+00
5.961865838427790720e+00
6.469950480109529778e+00
6.551633671512395729e+00
6.430176847286197095e+00
6.502136181745878929e+00
6.496021996084845540e+00
6.544915894789952837e+00
6.554587865314210227e+00
6.544915894789952837e+00
6.551633671512395729e+00
6.573247966178113799e+00
6.502136181745878929e+00
6.338012252687021508e+00
6.544915894789952837e+00
6.393953197919120868e+00
6.515340462739914074e+00
6.515340462739914074e+00
6.356512109311647230e+00
6.515340462739914074e+00
6.242793369807667858e+00
6.573247966178113799e+00
6.338012252687021508e+00
6.356512109311647230e+00
6.196361104035477574e+00
6.196361104035477574e+00
6.196361104035477574e+00
6.064801061036078522e+00
6.500621812846362424e+00
6.503187930801615835e+00
6.484423446073608766e+00
6.472022037297198160e+00
6.486170810471286075e+00
6.347212579726527970e+00
6.347212579726527970e+00
6.371866493733883807e+00
6.347212579726527970e+00
5.792212860382212725e+00
5.792212860382212725e+00
5.799314891744764999e+00
5.712453110399198231e+00
5.638821458209805293e+00
5.766108510661935860e+00
5.549953966733850663e+00
5.988551603569157500e+00
5.988551603569157500e+00
6.257364748418241085e+00
5.712453110399198231e+00
6.126469246123501300e+00
5.638821458209805293e+00
6.074950143476845810e+00
5.766108510661935860e+00
6.069657955014541528e+00
5.549953966733850663e+00
5.958208677083868920e+00
5.963432633336964273e+00
5.963432633336964273e+00
5.958208677083868920e+00
6.206767451386723700e+00
6.380972812023887109e+00
6.126469246123501300e+00
6.376957276058553781e+00
6.074950143476845810e+00
6.278018054652825697e+00
6.069657955014541528e+00
6.251944404525705323e+00
6.260602187941000984e+00
6.260602187941000984e+00
6.251944404525705323e+00
5.963432633336964273e+00
6.380972812023887109e+00
6.469950480109529778e+00
6.376957276058553781e+00
6.430176847286197095e+00
6.278018054652825697e+00
6.496021996084845540e+00
6.453327248704099794e+00
6.453327248704099794e+00
6.496021996084845540e+00
6.260602187941000984e+00
6.259323043813612486e+00
6.259323043813612486e+00
6.318728775102815831e+00
6.318728775102815831e+00
6.339346540693803433e+00
6.257364748418241085e+00
6.423905897835461509e+00
6.509306464660163272e+00
6.478510629939115972e+00
6.423905897835461509e+00
6.484423446073608766e+00
5.835743455255041567e+00
5.835743455255041567e+00
5.916757879887869720e+00
5.835743455255041567e+00
6.285339846195532765e+00
6.242793369807667858e+00
6.610831685339373820e+00
6.506076054857673263e+00
6.474401952020460094e+00
6.481670539814722964e+00
6.540364366445081679e+00
6.488877153256632724e+00
6.574407305230060672e+00
6.585575072493484505e+00
6.529577615387512246e+00
6.489418787744667405e+00
6.496104772650551418e+00
6.505758472159942407e+00
6.486170810471286075e+00
6.505758472159942407e+00
6.495683265095557601e+00
6.260433338879764165e+00
6.260433338879764165e+00
6.301918266887343911e+00
6.488877153256632724e+00
6.358311802586388062e+00
6.585575072493484505e+00
6.329991027854149799e+00
6.489418787744667405e+00
6.320427852502851884e+00
6.505758472159942407e+00
6.337021514426254498e+00
6.407319875559568167e+00
6.407319875559568167e+00
6.372119666181444764e+00
6.407319875559568167e+00
6.260433338879764165e+00
6.101106531416776058e+00
6.358311802586388062e+00
6.329991027854149799e+00
6.337021514426254498e+00
6.372119666181444764e+00
6.285339846195532765e+00
6.285339846195532765e+00
5.984567956699028635e+00
5.916757879887869720e+00
5.961780266436367270e+00
5.961780266436367270e+00
6.171987656162497338e+00
5.886088658729096146e+00
5.886088658729096146e+00
6.274052479125790782e+00
6.322314737434964194e+00
5.984567956699028635e+00
6.319618677374321258e+00
6.339346540693803433e+00
6.339346540693803433e+00
6.319618677374321258e+00
5.916757879887869720e+00
5.988551603569157500e+00
6.166536576699019001e+00
6.166536576699019001e+00
6.166536576699019001e+00
6.395359006005095104e+00
6.274052479125790782e+00
6.548687471032612173e+00
6.285740703694131959e+00
6.537807039911460727e+00
6.322314737434964194e+00
6.528443593772687237e+00
6.319618677374321258e+00
6.474286743958263202e+00
6.478510629939115972e+00
6.474286743958263202e+00
6.395359006005095104e+00
6.359621885295960730e+00
6.452490504571617436e+00
6.474401952020460094e+00
6.548687471032612173e+00
6.540364366445081679e+00
6.537807039911460727e+00
6.574407305230060672e+00
6.528443593772687237e+00
6.529577615387512246e+00
6.474286743958263202e+00
6.496104772650551418e+00
6.503187930801615835e+00
6.496104772650551418e+00
5.690733406667121130e+00
5.690733406667121130e+00
5.777009681704927679e+00
5.747128973036701005e+00
5.779243665513729589e+00
6.049585212814598378e+00
6.049585212814598378e+00
6.143313873984839191e+00
5.864308053762579576e+00
5.864308053762579576e+00
6.196061040326458880e+00
5.747128973036701005e+00
6.335418471893413894e+00
5.779243665513729589e+00
6.333254060637715455e+00
5.689014567521833321e+00
6.147716069438063258e+00
6.425814870904929421e+00
6.425814870904929421e+00
6.497004256460478189e+00
6.270082602089084745e+00
6.270082602089084745e+00
6.490158560248836750e+00
6.196061040326458880e+00
6.497865212877082186e+00
6.264894242484388975e+00
6.700602827044328080e+00
6.335418471893413894e+00
6.712099012888210758e+00
6.333254060637715455e+00
6.421203687538286964e+00
6.147716069438063258e+00
6.342244398544099049e+00
6.623224088151752120e+00
6.623224088151752120e+00
6.636553357673609099e+00
6.490158560248836750e+00
6.622470231733383450e+00
6.473953387410517735e+00
6.557966986985681146e+00
6.497865212877082186e+00
6.513345604698807634e+00
6.700602827044328080e+00
6.493107488448405462e+00
6.712099012888210758e+00
6.513835485510679035e+00
6.421203687538286964e+00
6.451866642555624587e+00
6.342244398544099049e+00
6.479845395884422210e+00
6.623224088151752120e+00
5.689014567521833321e+00
5.686535229648751688e+00
5.686535229648751688e+00
6.164932393465818450e+00
6.161056332395411950e+00
6.161056332395411950e+00
6.164932393465818450e+00
5.886088658729096146e+00
6.359621885295960730e+00
6.359621885295960730e+00
6.342244398544099049e+00
6.161056332395411950e+00
6.506076054857673263e+00
6.479845395884422210e+00
6.623767279582580159e+00
6.623767279582580159e+00
6.725973559026363624e+00
6.622470231733383450e+00
6.621917020259843412e+00
6.557966986985681146e+00
6.576226142976216771e+00
6.513345604698807634e+00
6.491194528071082992e+00
6.493107488448405462e+00
6.474588313511986826e+00
6.513835485510679035e+00
6.426406115346801506e+00
6.451866642555624587e+00
6.381320897198438757e+00
6.479845395884422210e+00
6.382268044923918637e+00
6.623767279582580159e+00
6.633786734978266431e+00
6.633786734978266431e+00
6.625614840028620556e+00
6.576226142976216771e+00
6.605038058816028901e+00
6.491194528071082992e+00
6.448063113374636224e+00
6.474588313511986826e+00
6.461736076474504209e+00
6.426406115346801506e+00
6.252330471375336707e+00
6.381320897198438757e+00
6.228915352386219517e+00
6.382268044923918637e+00
6.227002222105714857e+00
6.633786734978266431e+00
6.431194690939242342e+00
6.605038058816028901e+00
6.309944635925868184e+00
6.448063113374636224e+00
6.461736076474504209e+00
6.252330471375336707e+00
6.227002222105714857e+00
6.495683265095557601e+00
6.382268044923918637e+00
6.369041300795205807e+00
6.369041300795205807e+00
6.259374269414183622e+00
6.369041300795205807e+00
6.259374269414183622e+00
6.218673769023053133e+00
6.218673769023053133e+00
6.218673769023053133e+00
6.101106531416776058e+00
6.626825793493487993e+00
6.385301810067017136e+00
6.552396130286492593e+00
6.552396130286492593e+00
6.552396130286492593e+00
6.565426020926125261e+00
6.565426020926125261e+00
6.636184973525683262e+00
6.512982229354142838e+00
6.536116777925787602e+00
5.821226285828871028e+00
5.821226285828871028e+00
5.856464829838408548e+00
5.975594088158342032e+00
5.849709114984775304e+00
6.385301810067017136e+00
6.407003486804978110e+00
6.191531086100009240e+00
6.329359537166516780e+00
6.059435536035151948e+00
6.310959021218127241e+00
5.952415448671867892e+00
6.208281646208687832e+00
6.254825554779290364e+00
5.975594088158342032e+00
6.297724236750528171e+00
5.849709114984775304e+00
6.241697105235662235e+00
5.764168551432149457e+00
6.293962752315743536e+00
6.329359537166516780e+00
6.489290285993178919e+00
6.310959021218127241e+00
6.480303782711621885e+00
6.208281646208687832e+00
6.508255482207356835e+00
6.254825554779290364e+00
6.518643897805560528e+00
6.175968438945883321e+00
6.471791929143004829e+00
6.297724236750528171e+00
6.415761958876296411e+00
6.241697105235662235e+00
6.452213211452342279e+00
6.293962752315743536e+00
6.458290497056529134e+00
6.489290285993178919e+00
6.704773121240292788e+00
6.480303782711621885e+00
6.574416356335094136e+00
6.508255482207356835e+00
6.545165953947893023e+00
6.518643897805560528e+00
6.546428853340872323e+00
6.471791929143004829e+00
6.593434445388015597e+00
6.415761958876296411e+00
6.460301863117542176e+00
6.452213211452342279e+00
6.564647457621022753e+00
6.626825793493487993e+00
6.626825793493487993e+00
6.564647457621022753e+00
5.764168551432149457e+00
5.812504441030226232e+00
5.705472518514302038e+00
5.812504441030226232e+00
6.155779934454261415e+00
5.705472518514302038e+00
6.173189138881821414e+00
6.162376835462871405e+00
6.162376835462871405e+00
6.173189138881821414e+00
5.864308053762579576e+00
6.481545385386731084e+00
6.481545385386731084e+00
6.458290497056529134e+00
6.173189138881821414e+00
6.270082602089084745e+00
6.162376835462871405e+00
6.481545385386731084e+00
6.680372160609655552e+00
6.559210220744380315e+00
6.559210220744380315e+00
6.497580740235505026e+00
6.559210220744380315e+00
6.704773121240292788e+00
6.683076996706562412e+00
6.574416356335094136e+00
6.558400083144168669e+00
6.545165953947893023e+00
6.575515578471953226e+00
6.546428853340872323e+00
6.523177304906866425e+00
6.593434445388015597e+00
6.614456572796491685e+00
6.460301863117542176e+00
6.592946645006755979e+00
6.564647457621022753e+00
6.685143117201212348e+00
6.638131450087474406e+00
6.638131450087474406e+00
6.611523997289877386e+00
6.510147184693347633e+00
6.510147184693347633e+00
6.540203007068559060e+00
6.558400083144168669e+00
6.463611155733874902e+00
6.575515578471953226e+00
6.396176086009253581e+00
6.523177304906866425e+00
6.397255271305654745e+00
6.614456572796491685e+00
6.431739458753775729e+00
6.592946645006755979e+00
6.403179149387870694e+00
6.685143117201212348e+00
6.485275365166205397e+00
6.611523997289877386e+00
6.503107404310489059e+00
6.510147184693347633e+00
6.314741740476160992e+00
6.463611155733874902e+00
6.152508912656503348e+00
6.396176086009253581e+00
6.397255271305654745e+00
6.403179149387870694e+00
6.485275365166205397e+00
6.503107404310489059e+00
6.638131450087474406e+00
6.664628053378335082e+00
6.664628053378335082e+00
6.532452406111898036e+00
6.664628053378335082e+00
6.532452406111898036e+00
5.973082812536429032e+00
6.613694601155586383e+00
6.613694601155586383e+00
6.613694601155586383e+00
6.431194690939242342e+00
6.309944635925868184e+00
5.973082812536429032e+00
5.970664980965009860e+00
5.972363367541716705e+00
6.027773537627171052e+00
6.006848690061366902e+00
5.945560204779908986e+00
5.862663894304523282e+00
5.836458482018271887e+00
5.836458482018271887e+00
6.189965970739794265e+00
5.970664980965009860e+00
6.290516620493171729e+00
5.972363367541716705e+00
6.363052728502047728e+00
6.027773537627171052e+00
6.438776860938363100e+00
6.006848690061366902e+00
6.401205895260375200e+00
5.945560204779908986e+00
6.483174767539328975e+00
5.862663894304523282e+00
6.434840925240453480e+00
6.433621377830176513e+00
6.433621377830176513e+00
6.434840925240453480e+00
6.302661952875788565e+00
6.524821791417110717e+00
6.290516620493171729e+00
6.460495330215726639e+00
6.363052728502047728e+00
6.544632568854676258e+00
6.438776860938363100e+00
6.535641185625772565e+00
6.401205895260375200e+00
6.682699509766236723e+00
6.483174767539328975e+00
6.855065649921455950e+00
6.636184973525683262e+00
6.636184973525683262e+00
6.855065649921455950e+00
6.433621377830176513e+00
6.524821791417110717e+00
6.493870993597228747e+00
6.460495330215726639e+00
6.522610977667638643e+00
6.544632568854676258e+00
6.548460215345172308e+00
6.535641185625772565e+00
6.531418581528163791e+00
6.682699509766236723e+00
6.625696519040026544e+00
6.855065649921455950e+00
6.638492582911895923e+00
6.680372160609655552e+00
6.638492582911895923e+00
3.945488147578281701e+00
5.136398182516817457e+00
5.107632841251762201e+00
6.291276464381145850e+00
6.285346054298754481e+00
6.522462281397281458e+00
6.767361384000909474e+00
3.945488147578281701e+00
4.081555561388682030e+00
5.107632841251762201e+00
5.212919749915184475e+00
6.285346054298754481e+00
6.370296574981955118e+00
6.767361384000909474e+00
6.973724672258494905e+00
6.711662874021713243e+00
7.028636214690496153e+00
4.081555561388682030e+00
4.089919597544289687e+00
5.212919749915184475e+00
5.224857015211243016e+00
6.370296574981955118e+00
6.383687881042628298e+00
6.973724672258494905e+00
7.029913905962200893e+00
7.028636214690496153e+00
7.144222046075626054e+00
6.180916090638924665e+00
6.180916090638924665e+00
6.198587890413675972e+00
6.119138641543858448e+00
6.201295086698711323e+00
5.986121947035016433e+00
6.220802814788012114e+00
6.365284312236052955e+00
6.365284312236052955e+00
6.375211040348920832e+00
6.259826772165156150e+00
6.298793974137284479e+00
6.326797298858964247e+00
6.459233835202454976e+00
6.392197053889808522e+00
6.392197053889808522e+00
6.403095602270240327e+00
6.201295086698711323e+00
6.390282822652007866e+00
6.220802814788012114e+00
6.407883955373236518e+00
6.189965970739794265e+00
6.394108750523791684e+00
6.375211040348920832e+00
6.388986210880733374e+00
6.298793974137284479e+00
6.422927449454029158e+00
6.459233835202454976e+00
6.516334344226862640e+00
6.403095602270240327e+00
6.480889670317723450e+00
6.374051445686843564e+00
6.624550973843710722e+00
6.390282822652007866e+00
6.561225991821202363e+00
6.407883955373236518e+00
6.563999145841153293e+00
6.394108750523791684e+00
6.441514574770585533e+00
6.768493097627317212e+00
6.980117796526482010e+00
6.796994870285672619e+00
6.830444244896964001e+00
6.830444244896964001e+00
6.822536881344171356e+00
6.808047782480524113e+00
6.429408142449651642e+00
6.711662874021713243e+00
6.475503590165407886e+00
6.685310427530240851e+00
6.516246125855717608e+00
6.675951436762145086e+00
6.667213752259374182e+00
6.791150078233071596e+00
6.791150078233071596e+00
6.685310427530240851e+00
6.981651299913902875e+00
6.675951436762145086e+00
6.911189367309328979e+00
6.711996828289112038e+00
6.953769781925328353e+00
6.654785484326643186e+00
6.654785484326643186e+00
6.711996828289112038e+00
6.733260853999319728e+00
7.117465915521101749e+00
6.780031819090399203e+00
6.937826091635169945e+00
6.710150150866203589e+00
6.710150150866203589e+00
6.955451499292866657e+00
6.755045424575591539e+00
6.755045424575591539e+00
6.869053320397386919e+00
6.981651299913902875e+00
7.082496567750970584e+00
6.911189367309328979e+00
7.063418468640536574e+00
6.953769781925328353e+00
6.988998025449657980e+00
7.117465915521101749e+00
7.175335438646390784e+00
6.937826091635169945e+00
7.059971700176102871e+00
6.955451499292866657e+00
7.010310369345170933e+00
7.008449883985606199e+00
7.177120744456451540e+00
6.980117796526482010e+00
7.060526686568344701e+00
4.089919597544289687e+00
3.945234867973478554e+00
5.224857015211243016e+00
5.113235524890284545e+00
6.383687881042628298e+00
6.293657801363959692e+00
7.029913905962200893e+00
7.097104337643776795e+00
7.144222046075626054e+00
7.257432906889397017e+00
3.945234867973478554e+00
4.012826025513321682e+00
5.113235524890284545e+00
5.172225281320029566e+00
6.293657801363959692e+00
6.338099959050600418e+00
7.097104337643776795e+00
7.148636925388477614e+00
7.257432906889397017e+00
7.349422769994884419e+00
3.019984472305016432e+00
4.012826025513321682e+00
4.129547838805181392e+00
5.172225281320029566e+00
5.256972579802335233e+00
6.338099959050600418e+00
6.409455858386658100e+00
7.148636925388477614e+00
6.848380452498631143e+00
7.349422769994884419e+00
6.861027743973668436e+00
3.019984472305016432e+00
4.072895558971896257e+00
4.129547838805181392e+00
5.207113797350130469e+00
5.256972579802335233e+00
6.361365254310248574e+00
6.409455858386658100e+00
6.549810897994871262e+00
6.848380452498631143e+00
6.577234728054795809e+00
6.861027743973668436e+00
6.486593668086854336e+00
6.426662444729608126e+00
6.422927449454029158e+00
6.446779374133440044e+00
6.516334344226862640e+00
6.577057704361978452e+00
6.480889670317723450e+00
6.428851483722474391e+00
6.624550973843710722e+00
6.495426220038692300e+00
6.561225991821202363e+00
6.455772494510807924e+00
6.563999145841153293e+00
6.418488083895701024e+00
6.441514574770585533e+00
6.393310509272149389e+00
6.503779427025919269e+00
6.480389173596172725e+00
6.446779374133440044e+00
6.528690674650873049e+00
6.577057704361978452e+00
6.445734818977110869e+00
6.445734818977110869e+00
6.404994912634792925e+00
6.495426220038692300e+00
6.405126012008110159e+00
6.455772494510807924e+00
6.319834335434474148e+00
6.418488083895701024e+00
6.228971491989717890e+00
6.393310509272149389e+00
6.246722749822854581e+00
6.445734818977110869e+00
6.353481427391129088e+00
6.405126012008110159e+00
6.184639530278259301e+00
6.319834335434474148e+00
6.114697415992520924e+00
6.228971491989717890e+00
6.078342878089607382e+00
6.246722749822854581e+00
7.082496567750970584e+00
7.257940486169724537e+00
7.063418468640536574e+00
7.180594501226432058e+00
6.988998025449657980e+00
7.191745468839759958e+00
7.175335438646390784e+00
7.177205523588195746e+00
7.059971700176102871e+00
7.112788561619283634e+00
7.010310369345170933e+00
7.025934002849049342e+00
7.177120744456451540e+00
7.113810924987864936e+00
7.060526686568344701e+00
7.165374731435578681e+00
7.257940486169724537e+00
7.361537391015375853e+00
7.180594501226432058e+00
7.214494114839074435e+00
7.191745468839759958e+00
7.209651464250833364e+00
7.177205523588195746e+00
7.124466669033682642e+00
7.112788561619283634e+00
7.071008452765217278e+00
7.025934002849049342e+00
6.954263846358123224e+00
6.979755274125435172e+00
6.979755274125435172e+00
7.113810924987864936e+00
7.127956978307569358e+00
7.165374731435578681e+00
7.361537391015375853e+00
6.957933895936433188e+00
7.214494114839074435e+00
6.952106730274850932e+00
7.209651464250833364e+00
7.012072682750243757e+00
7.124466669033682642e+00
6.850583881185706936e+00
7.071008452765217278e+00
6.887098310458775963e+00
6.954263846358123224e+00
6.914736198799009692e+00
6.718118257803626925e+00
6.957933895936433188e+00
6.713181597355434072e+00
6.952106730274850932e+00
7.012072682750243757e+00
5.852951067483123992e+00
5.797914087505863456e+00
5.838609379707537350e+00
5.907584443187137602e+00
5.907584443187137602e+00
5.812806663116751871e+00
6.191531086100009240e+00
5.797914087505863456e+00
6.059435536035151948e+00
5.838609379707537350e+00
5.952415448671867892e+00
5.907584443187137602e+00
6.493870993597228747e+00
6.504986461383225560e+00
6.522610977667638643e+00
6.462079249245562984e+00
6.548460215345172308e+00
6.459226254945202861e+00
6.531418581528163791e+00
6.571717448300084641e+00
6.625696519040026544e+00
6.481649226741209802e+00
6.638492582911895923e+00
6.462994597439597477e+00
6.589101044325143874e+00
6.589101044325143874e+00
6.572743969750279192e+00
6.589101044325143874e+00
6.504986461383225560e+00
6.230148605758531133e+00
6.462079249245562984e+00
6.229926645190599466e+00
6.459226254945202861e+00
6.261319534878675874e+00
6.571717448300084641e+00
6.336795192505620733e+00
6.481649226741209802e+00
6.406590871652191765e+00
6.462994597439597477e+00
6.376291676291616639e+00
6.572743969750279192e+00
6.395004167872146539e+00
6.420414741569405948e+00
6.420414741569405948e+00
6.364326221940280526e+00
6.015853446366457469e+00
6.230148605758531133e+00
6.229926645190599466e+00
6.261319534878675874e+00
6.406590871652191765e+00
6.376291676291616639e+00
6.395004167872146539e+00
6.364326221940280526e+00
6.420414741569405948e+00
6.535641883431770438e+00
6.535641883431770438e+00
6.535641883431770438e+00
6.046403743573000256e+00
6.314741740476160992e+00
6.152508912656503348e+00
6.046403743573000256e+00
6.845491793150671356e+00
7.060526686568344701e+00
7.009406218218859230e+00
5.136398182516817457e+00
6.291276464381145850e+00
6.522462281397281458e+00
6.429408142449651642e+00
5.735025441768592636e+00
5.833883642097822175e+00
6.676465826286880123e+00
6.589641636739610675e+00
6.462531204501277493e+00
6.410258067236712876e+00
6.457091021988367707e+00
5.735025441768592636e+00
6.507207708444027183e+00
5.833883642097822175e+00
6.532182008080602564e+00
5.743423202239016589e+00
6.311165839475766148e+00
6.676465826286880123e+00
6.597347785109183071e+00
6.589641636739610675e+00
6.600195945124316843e+00
6.462531204501277493e+00
6.470767205698914282e+00
6.410258067236712876e+00
6.416016296378917794e+00
6.457091021988367707e+00
6.464415932488225103e+00
6.507207708444027183e+00
6.456961274962416120e+00
6.532182008080602564e+00
6.623800493285014745e+00
6.311165839475766148e+00
6.517785835772414771e+00
6.597347785109183071e+00
6.536408174221153722e+00
6.600195945124316843e+00
6.596827364075549482e+00
6.470767205698914282e+00
6.551994608027332134e+00
6.416016296378917794e+00
6.544359849633583082e+00
6.464415932488225103e+00
6.496181016798616703e+00
6.456961274962416120e+00
6.492847844313536676e+00
6.623800493285014745e+00
6.469455590874640727e+00
6.517785835772414771e+00
6.436748757128976095e+00
5.743423202239016589e+00
5.726652158766935230e+00
5.879301814862725628e+00
6.078781889579228270e+00
6.046264798393430340e+00
5.725189201095469471e+00
5.662877458947860099e+00
5.726652158766935230e+00
6.284164427758033966e+00
5.879301814862725628e+00
6.170533800750826359e+00
6.078781889579228270e+00
6.303319217836442334e+00
6.046264798393430340e+00
6.395361800199622415e+00
6.400914921585423301e+00
6.400914921585423301e+00
6.395361800199622415e+00
5.662877458947860099e+00
6.119138641543858448e+00
5.986121947035016433e+00
5.836458482018271887e+00
6.388986210880733374e+00
6.388986210880733374e+00
6.517785835772414771e+00
6.170533800750826359e+00
6.259826772165156150e+00
6.303319217836442334e+00
6.326797298858964247e+00
6.395361800199622415e+00
6.392197053889808522e+00
6.400914921585423301e+00
6.426662444729608126e+00
6.436748757128976095e+00
6.475503590165407886e+00
6.516246125855717608e+00
6.667213752259374182e+00
6.667213752259374182e+00
6.667213752259374182e+00
6.609758027424645910e+00
6.625753811325995279e+00
6.768560882601390993e+00
6.768560882601390993e+00
6.625753811325995279e+00
6.791150078233071596e+00
6.791150078233071596e+00
6.619973338059042867e+00
6.609758027424645910e+00
6.780031819090399203e+00
6.625753811325995279e+00
6.710150150866203589e+00
6.768560882601390993e+00
6.701425645520865615e+00
6.687659012634104450e+00
6.567962697684435192e+00
6.500027296799555820e+00
6.508807350015071158e+00
6.430619207158109418e+00
6.448624330959652262e+00
6.370412303136267163e+00
5.888893352112064328e+00
6.329009781911306476e+00
6.687659012634104450e+00
6.796994870285672619e+00
6.796994870285672619e+00
6.796994870285672619e+00
6.687659012634104450e+00
6.500027296799555820e+00
6.727874349613696126e+00
6.508807350015071158e+00
6.726335267343083402e+00
6.430619207158109418e+00
6.747813813069257982e+00
6.448624330959652262e+00
6.638143426510674239e+00
6.370412303136267163e+00
6.604257819298425147e+00
6.329009781911306476e+00
6.526981319949825888e+00
6.813906828461612442e+00
6.808047782480524113e+00
6.808047782480524113e+00
6.740196720894383375e+00
6.727874349613696126e+00
6.810391115684312879e+00
6.726335267343083402e+00
6.788883266148650897e+00
6.747813813069257982e+00
6.744374312314346476e+00
6.638143426510674239e+00
6.691293235458115163e+00
6.604257819298425147e+00
6.661131404219559293e+00
6.526981319949825888e+00
6.560911200071841698e+00
5.888893352112064328e+00
6.485160978384596042e+00
6.484498701538055521e+00
6.331427339248729247e+00
6.319190971797528533e+00
6.485464690354405093e+00
6.385966219126486543e+00
6.339026913874127089e+00
6.459009141377210383e+00
6.485160978384596042e+00
6.529947635672615824e+00
6.484498701538055521e+00
6.533434537288196786e+00
6.331427339248729247e+00
6.544326825544418469e+00
6.319190971797528533e+00
6.573335586608394010e+00
6.485464690354405093e+00
6.558062783721965161e+00
6.385966219126486543e+00
6.529066504297005302e+00
6.339026913874127089e+00
6.679320155519406832e+00
6.459009141377210383e+00
6.591611802646871965e+00
6.529947635672615824e+00
6.603354276685748481e+00
6.533434537288196786e+00
6.599329664423751574e+00
6.544326825544418469e+00
6.625218752656333976e+00
6.573335586608394010e+00
6.689999671017614169e+00
6.558062783721965161e+00
6.627597425343390469e+00
6.529066504297005302e+00
6.585294399705492907e+00
6.679320155519406832e+00
6.623267323717263011e+00
6.591611802646871965e+00
6.520868091638542197e+00
6.962679176802108572e+00
7.009406218218859230e+00
6.747038235490133928e+00
6.845114704407024853e+00
6.810391115684312879e+00
6.799176833031760125e+00
6.788883266148650897e+00
6.726462692661699272e+00
6.744374312314346476e+00
6.738951938213128656e+00
6.691293235458115163e+00
6.668101153009282633e+00
6.661131404219559293e+00
6.778494803923901912e+00
6.560911200071841698e+00
6.670235001382763151e+00
7.009406218218859230e+00
7.009406218218859230e+00
6.962679176802108572e+00
6.845114704407024853e+00
6.750234171787376170e+00
6.799176833031760125e+00
6.743400216647108536e+00
6.726462692661699272e+00
6.565319603702942430e+00
6.738951938213128656e+00
6.579281259950011673e+00
6.668101153009282633e+00
6.522938625547244129e+00
6.778494803923901912e+00
6.600885148049036033e+00
6.670235001382763151e+00
6.623741851184768770e+00
6.728638924546800126e+00
6.387828561058324972e+00
6.750234171787376170e+00
6.329473974974267669e+00
6.743400216647108536e+00
6.565319603702942430e+00
6.579281259950011673e+00
6.522938625547244129e+00
6.600885148049036033e+00
6.623741851184768770e+00
6.387828561058324972e+00
6.329473974974267669e+00
3.993750727646930621e+00
4.072895558971896257e+00
5.207113797350130469e+00
6.361365254310248574e+00
6.549810897994871262e+00
6.873551895017892654e+00
6.873551895017892654e+00
6.979755274125435172e+00
6.850583881185706936e+00
6.914736198799009692e+00
6.914736198799009692e+00
6.873551895017892654e+00
6.800204296782133895e+00
6.577234728054795809e+00
6.718118257803626925e+00
6.713181597355434072e+00
6.426937138961179130e+00
6.503779427025919269e+00
6.446544334002632937e+00
6.519686947705679358e+00
6.519686947705679358e+00
6.373784306927468002e+00
6.373784306927468002e+00
6.519686947705679358e+00
6.493247176938933940e+00
6.480389173596172725e+00
6.528690674650873049e+00
6.373784306927468002e+00
5.956494428813294384e+00
6.493247176938933940e+00
6.012061527206732592e+00
6.533756813409686615e+00
6.381587690260375645e+00
6.381587690260375645e+00
6.381587690260375645e+00
6.353481427391129088e+00
6.184639530278259301e+00
6.114697415992520924e+00
5.956494428813294384e+00
6.012061527206732592e+00
6.603354276685748481e+00
6.853624438143287811e+00
6.599329664423751574e+00
6.705256442103584291e+00
6.625218752656333976e+00
6.707846725962813395e+00
6.689999671017614169e+00
6.676033877305449948e+00
6.627597425343390469e+00
6.798301401250171239e+00
6.585294399705492907e+00
6.728738705015821608e+00
6.623267323717263011e+00
6.518577780023813162e+00
6.520868091638542197e+00
6.508963433719461733e+00
6.853624438143287811e+00
6.764141124834902818e+00
6.705256442103584291e+00
6.619073669291855033e+00
6.707846725962813395e+00
6.645885521956615527e+00
6.676033877305449948e+00
6.651194089697029632e+00
6.798301401250171239e+00
6.602829774638077964e+00
6.728738705015821608e+00
6.625801459053318965e+00
6.518577780023813162e+00
6.567491489726100085e+00
6.508963433719461733e+00
6.540545525780576241e+00
6.764141124834902818e+00
6.619073669291855033e+00
6.645885521956615527e+00
6.651194089697029632e+00
6.602829774638077964e+00
6.625801459053318965e+00
6.567491489726100085e+00
6.540545525780576241e+00
3.993750727646930621e+00
6.536408174221153722e+00
6.627197075843084484e+00
6.596827364075549482e+00
6.699546243347581864e+00
6.551994608027332134e+00
6.666064483184674927e+00
6.544359849633583082e+00
6.588051090576006352e+00
6.496181016798616703e+00
6.489527228150672400e+00
6.492847844313536676e+00
6.490029653096861750e+00
6.469455590874640727e+00
6.461079140648939401e+00
6.436748757128976095e+00
6.446544334002632937e+00
6.627197075843084484e+00
6.361030456744383166e+00
6.699546243347581864e+00
6.484654434934293832e+00
6.666064483184674927e+00
6.455112805664614761e+00
6.588051090576006352e+00
6.390745497080213333e+00
6.489527228150672400e+00
6.381585262583914009e+00
6.490029653096861750e+00
6.448531607764602214e+00
6.461079140648939401e+00
6.339815664752668667e+00
6.446544334002632937e+00
6.281084672827040194e+00
6.361030456744383166e+00
6.484654434934293832e+00
6.455112805664614761e+00
6.390745497080213333e+00
6.381585262583914009e+00
6.448531607764602214e+00
5.964385506884814170e+00
6.339815664752668667e+00
6.281084672827040194e+00
5.964385506884814170e+00
6.078342878089607382e+00
6.015853446366457469e+00
