6.366496806333386438e+00
6.366496806333386438e+00
6.366496806333386438e+00
6.438821742308463492e+00
6.486956359300325659e+00
6.439908734631219822e+00
6.278448318219048474e+00
6.287539368497736092e+00
6.278448318219048474e+00
6.319275509924520584e+00
6.305889109597106135e+00
6.439908734631219822e+00
6.439908734631219822e+00
6.452290136681448018e+00
6.287539368497736092e+00
6.452290136681448018e+00
6.562855024513101654e+00
6.484961516538817250e+00
6.484961516538817250e+00
6.484961516538817250e+00
6.445502265272620157e+00
6.307826766978821276e+00
6.305889109597106135e+00
6.307826766978821276e+00
6.439318590107026452e+00
6.370754987649466905e+00
6.307826766978821276e+00
6.562855024513101654e+00
6.562855024513101654e+00
6.562855024513101654e+00
6.703348824700180231e+00
6.577876742510273544e+00
6.562855024513101654e+00
6.465203811656644817e+00
6.445502265272620157e+00
6.465203811656644817e+00
6.366184631394090410e+00
6.412896474146400294e+00
6.366184631394090410e+00
6.562115055317791601e+00
6.666145399116899739e+00
6.660110169834098315e+00
6.562115055317791601e+00
6.532944643520552042e+00
6.370754987649466905e+00
6.366184631394090410e+00
6.577876742510273544e+00
6.562115055317791601e+00
6.532944643520552042e+00
6.660110169834098315e+00
6.427458248786459549e+00
6.268490886202912726e+00
6.307772942155184026e+00
6.307772942155184026e+00
6.307772942155184026e+00
6.441401920697183314e+00
6.427458248786459549e+00
6.461260220991040804e+00
6.441519161072505106e+00
6.093844631564945047e+00
6.379018956511778526e+00
6.379018956511778526e+00
6.379018956511778526e+00
6.437836319790813278e+00
6.290405197544477467e+00
6.285732198403133353e+00
6.290405197544477467e+00
6.437836319790813278e+00
6.448359253343783237e+00
6.408352282171565939e+00
6.483242348390949594e+00
6.441519161072505106e+00
6.441519161072505106e+00
6.483242348390949594e+00
6.285732198403133353e+00
6.681814644658080837e+00
6.392860787634420561e+00
6.417912535826909348e+00
6.417912535826909348e+00
6.417912535826909348e+00
6.249879895278060538e+00
6.116040596757098768e+00
6.116040596757098768e+00
6.249879895278060538e+00
6.593912051393239437e+00
6.593912051393239437e+00
6.593912051393239437e+00
6.741179276606566795e+00
6.766059853141284108e+00
6.448359253343783237e+00
6.448359253343783237e+00
6.421642475382785875e+00
6.116040596757098768e+00
6.681814644658080837e+00
6.572645924729725309e+00
6.596894874429479749e+00
6.596894874429479749e+00
6.448111350485729254e+00
6.596894874429479749e+00
6.244507571538143509e+00
6.583198863403120882e+00
6.577999419797011527e+00
6.583198863403120882e+00
6.605402914523946123e+00
6.605402914523946123e+00
6.605402914523946123e+00
6.654207139377382951e+00
6.766059853141284108e+00
6.766059853141284108e+00
6.731429161138172468e+00
6.577999419797011527e+00
6.675249116704479846e+00
6.554556961139407001e+00
6.738145953862769488e+00
6.738145953862769488e+00
6.738145953862769488e+00
6.336449816224462239e+00
6.244507571538143509e+00
6.244507571538143509e+00
6.282779546173302698e+00
6.336449816224462239e+00
6.303521623601116453e+00
6.282779546173302698e+00
6.477273944625004276e+00
6.468604463617893430e+00
6.477273944625004276e+00
6.722382802113405553e+00
6.686338886547211757e+00
6.675249116704479846e+00
6.675249116704479846e+00
6.764058146572326180e+00
6.468604463617893430e+00
6.764058146572326180e+00
6.669687961670994092e+00
6.631647979686309036e+00
6.631647979686309036e+00
6.598227647900111847e+00
6.631647979686309036e+00
6.646477677591744460e+00
6.388281655702234829e+00
6.303521623601116453e+00
6.303521623601116453e+00
6.333317911901256814e+00
6.567952831481377096e+00
6.567952831481377096e+00
6.567952831481377096e+00
6.600866790331743950e+00
6.333317911901256814e+00
6.705162737662540451e+00
6.686338886547211757e+00
6.705162737662540451e+00
6.600866790331743950e+00
6.598968499004543631e+00
6.704176119452823990e+00
6.925968010763125626e+00
6.705162737662540451e+00
6.681049695499675423e+00
6.669687961670994092e+00
6.681049695499675423e+00
6.688571348979832187e+00
6.669254749019493111e+00
6.681049695499675423e+00
6.670288417326910135e+00
6.646477677591744460e+00
6.670288417326910135e+00
6.669254749019493111e+00
6.670288417326910135e+00
6.428815772578852616e+00
6.241194374013676160e+00
6.406527352330197544e+00
6.406527352330197544e+00
6.406527352330197544e+00
6.692367010035312092e+00
6.692367010035312092e+00
6.643756714058535628e+00
6.744012702150511629e+00
6.701357822608763115e+00
6.803794664203639542e+00
6.516411221870782811e+00
6.598968499004543631e+00
6.598968499004543631e+00
6.744012702150511629e+00
6.688571348979832187e+00
6.701357822608763115e+00
6.640855939156854681e+00
6.640855939156854681e+00
6.640855939156854681e+00
6.357509320265004149e+00
6.352971502472585463e+00
6.352971502472585463e+00
6.357509320265004149e+00
6.331548712084566155e+00
6.331548712084566155e+00
6.331548712084566155e+00
6.618542620949047439e+00
6.643756714058535628e+00
6.643756714058535628e+00
6.616409447982324110e+00
6.352971502472585463e+00
6.618542620949047439e+00
6.655545002196983972e+00
6.616409447982324110e+00
6.726926458156587074e+00
6.803794664203639542e+00
6.726926458156587074e+00
6.706845375882780402e+00
6.765831865169454673e+00
6.726926458156587074e+00
6.874841677799819806e+00
6.388799581508568970e+00
6.388799581508568970e+00
6.388799581508568970e+00
6.466195476512877960e+00
6.655545002196983972e+00
6.655545002196983972e+00
6.684165284079921499e+00
6.466195476512877960e+00
6.495574595004531382e+00
6.684165284079921499e+00
6.783026571212834810e+00
6.765831865169454673e+00
6.783026571212834810e+00
6.583470439467991042e+00
6.619376100538398866e+00
6.783026571212834810e+00
6.876125330605824537e+00
6.874841677799819806e+00
6.876125330605824537e+00
6.607770805638589984e+00
6.845438130424258638e+00
6.845438130424258638e+00
6.845438130424258638e+00
6.335969539990037980e+00
6.384590596406535035e+00
6.384590596406535035e+00
6.335969539990037980e+00
6.172848020748157083e+00
6.616189860446957560e+00
6.495574595004531382e+00
6.495574595004531382e+00
6.616189860446957560e+00
6.384590596406535035e+00
6.428967004491000559e+00
6.434654483957855220e+00
6.616189860446957560e+00
6.654616074694551742e+00
6.619376100538398866e+00
6.654616074694551742e+00
6.572441352482623955e+00
6.549830617267556221e+00
6.654616074694551742e+00
6.574344230135082512e+00
6.607770805638589984e+00
6.574344230135082512e+00
6.596380714728808492e+00
6.576033736637713289e+00
6.576033736637713289e+00
6.576033736637713289e+00
6.434654483957855220e+00
6.451056455418527236e+00
6.549830617267556221e+00
6.600504342828793725e+00
6.596380714728808492e+00
6.520395288191345173e+00
6.153042558812507501e+00
6.157058456454516104e+00
6.451056455418527236e+00
6.471136069992475370e+00
6.552770043792374821e+00
6.451056455418527236e+00
6.600504342828793725e+00
6.565004545661028423e+00
6.645720857988375307e+00
6.600504342828793725e+00
6.520395288191345173e+00
6.525369887848750494e+00
6.136891619264975617e+00
6.136891619264975617e+00
6.153042558812507501e+00
6.218995596426195149e+00
6.157058456454516104e+00
6.157058456454516104e+00
6.215724495047983744e+00
6.464641803531027797e+00
6.464641803531027797e+00
6.464641803531027797e+00
6.578660378683337306e+00
6.215724495047983744e+00
6.482819674682437139e+00
6.552770043792374821e+00
6.482819674682437139e+00
6.578660378683337306e+00
6.588937693048986688e+00
6.468988145480920160e+00
6.616491883911117533e+00
6.482819674682437139e+00
6.698440584724934865e+00
6.645720857988375307e+00
6.698440584724934865e+00
6.660924883847309630e+00
6.565756653159019685e+00
6.698440584724934865e+00
6.585715600209571363e+00
6.525369887848750494e+00
6.585715600209571363e+00
6.484377417666898680e+00
6.484377417666898680e+00
6.484377417666898680e+00
6.594724237570112280e+00
6.338431031778664071e+00
6.312281255065877339e+00
6.312281255065877339e+00
6.338431031778664071e+00
6.594724237570112280e+00
6.563315348031240504e+00
6.414832282074825365e+00
6.705493923626876018e+00
6.588937693048986688e+00
6.588937693048986688e+00
6.705493923626876018e+00
6.312281255065877339e+00
6.767456476054130476e+00
6.632195184546632483e+00
6.705493923626876018e+00
6.684075476023992657e+00
6.660924883847309630e+00
6.684075476023992657e+00
6.701696464649106844e+00
6.736518754453481250e+00
6.684075476023992657e+00
6.657132379622066054e+00
6.603841423863580751e+00
6.603841423863580751e+00
6.498007863714504673e+00
6.603841423863580751e+00
6.575799564929615926e+00
6.657132379622066054e+00
6.502550695318738860e+00
6.502550695318738860e+00
6.502550695318738860e+00
6.780042615137495510e+00
6.780042615137495510e+00
6.756089683711035576e+00
6.661630299217697448e+00
6.685207837534493436e+00
6.742982111171797577e+00
6.621577647885718676e+00
6.621577647885718676e+00
6.607393086699643092e+00
6.621577647885718676e+00
6.561738033772617662e+00
6.563315348031240504e+00
6.563315348031240504e+00
6.455971040287243667e+00
6.455971040287243667e+00
6.597857720580414309e+00
6.632195184546632483e+00
6.597857720580414309e+00
6.597857720580414309e+00
6.727336177572242448e+00
6.736518754453481250e+00
6.727336177572242448e+00
6.727336177572242448e+00
6.607073266662208511e+00
6.575799564929615926e+00
6.607073266662208511e+00
6.506497484480662230e+00
6.506497484480662230e+00
6.506497484480662230e+00
6.412675380009641657e+00
6.447858391343574525e+00
6.382357850578589620e+00
6.724876080876542872e+00
6.756089683711035576e+00
6.756089683711035576e+00
6.724876080876542872e+00
6.409591292440112831e+00
6.637992760283692562e+00
6.577903342543422127e+00
6.724876080876542872e+00
6.828430529998569476e+00
6.742982111171797577e+00
6.828430529998569476e+00
6.698070716563213622e+00
6.691755371891612292e+00
6.828430529998569476e+00
6.661442526042842260e+00
6.670288138224160335e+00
6.670288138224160335e+00
6.636919753222406015e+00
6.670288138224160335e+00
6.570187097858879888e+00
6.636919753222406015e+00
6.290432252931126733e+00
6.290432252931126733e+00
6.290432252931126733e+00
6.412675380009641657e+00
6.393081133344275635e+00
6.409591292440112831e+00
6.409591292440112831e+00
6.393081133344275635e+00
6.439187642317762972e+00
6.439187642317762972e+00
6.439187642317762972e+00
6.485244257101257404e+00
6.384623167331617388e+00
6.577627840250371172e+00
6.577903342543422127e+00
6.577627840250371172e+00
6.485244257101257404e+00
6.478109562867096827e+00
6.519232278259378788e+00
6.626577469315726887e+00
6.577627840250371172e+00
6.708996416566378684e+00
6.691755371891612292e+00
6.708996416566378684e+00
6.604891962619774404e+00
6.719445114772417682e+00
6.719445114772417682e+00
6.708951567927523563e+00
6.708996416566378684e+00
6.609425575585904156e+00
6.570187097858879888e+00
6.609425575585904156e+00
6.719445114772417682e+00
6.444820684425565105e+00
6.444820684425565105e+00
6.444820684425565105e+00
6.292304883952787975e+00
6.447858391343574525e+00
6.447858391343574525e+00
6.384623167331617388e+00
6.085874259148205567e+00
6.250962700212249423e+00
6.476399640519981737e+00
6.478109562867096827e+00
6.478109562867096827e+00
6.476399640519981737e+00
6.306371437636656196e+00
6.476399640519981737e+00
6.696356424796796603e+00
6.604891962619774404e+00
6.696356424796796603e+00
6.696356424796796603e+00
6.640204289178205599e+00
6.663613409320534586e+00
6.663613409320534586e+00
6.686750632212928203e+00
6.663613409320534586e+00
6.686750632212928203e+00
6.278516906184567148e+00
6.327966153289103168e+00
6.478491294963861336e+00
6.551884681231217478e+00
6.569849978942423618e+00
6.541239613816755671e+00
6.584209046397206500e+00
6.085874259148205567e+00
6.085874259148205567e+00
6.278516906184567148e+00
6.305644639205278068e+00
6.306371437636656196e+00
6.306371437636656196e+00
6.305644639205278068e+00
6.348057933646106044e+00
6.348057933646106044e+00
6.348057933646106044e+00
6.410303240506276978e+00
6.383492089453179474e+00
6.327966153289103168e+00
6.327966153289103168e+00
6.383492089453179474e+00
6.410303240506276978e+00
6.419644145411456115e+00
6.313422425761539891e+00
6.473768892904334216e+00
6.383492089453179474e+00
6.559899987708860181e+00
6.551884681231217478e+00
6.559899987708860181e+00
6.612481221476872228e+00
6.524607347285164671e+00
6.473768892904334216e+00
6.593118679911230018e+00
6.559899987708860181e+00
6.562873956124770203e+00
6.541239613816755671e+00
6.562873956124770203e+00
6.634705264694227722e+00
6.548941525043646905e+00
6.593118679911230018e+00
6.430104621676556498e+00
6.562873956124770203e+00
6.492488210901029788e+00
6.584209046397206500e+00
6.492488210901029788e+00
6.605435839429420142e+00
6.430104621676556498e+00
6.174474375898082457e+00
6.419644145411456115e+00
6.419644145411456115e+00
6.409017700238001325e+00
6.278055484436205091e+00
6.278055484436205091e+00
6.278055484436205091e+00
6.484462145981402692e+00
6.409017700238001325e+00
6.485242161963925334e+00
6.524607347285164671e+00
6.485242161963925334e+00
6.484462145981402692e+00
6.503336534686805948e+00
6.482346277725172357e+00
6.581056481636499811e+00
6.485242161963925334e+00
6.532335023644717076e+00
6.548941525043646905e+00
6.532335023644717076e+00
6.600979487918982258e+00
6.640094971050203299e+00
6.581056481636499811e+00
6.512392137900593347e+00
6.532335023644717076e+00
6.548934959784192600e+00
6.605435839429420142e+00
6.548934959784192600e+00
6.556103974360159903e+00
6.512392137900593347e+00
6.540996132454345968e+00
6.540996132454345968e+00
6.540996132454345968e+00
6.312178114202942503e+00
6.312178114202942503e+00
6.312178114202942503e+00
6.529797708051809479e+00
6.529797708051809479e+00
6.611146975343779708e+00
6.552205027390737513e+00
6.591986255177774368e+00
6.713098840816702939e+00
6.850505107430980622e+00
6.591986255177774368e+00
6.520822288122159804e+00
6.645426398069294471e+00
6.520822288122159804e+00
6.269837932455698315e+00
6.178297378294812958e+00
6.153198433311532156e+00
6.153198433311532156e+00
6.178297378294812958e+00
6.144982338316755666e+00
6.476845471620934269e+00
6.503336534686805948e+00
6.503336534686805948e+00
6.476845471620934269e+00
6.153198433311532156e+00
6.476845471620934269e+00
6.578778989892266615e+00
6.640094971050203299e+00
6.578778989892266615e+00
6.578778989892266615e+00
6.506529189341151209e+00
6.556103974360159903e+00
6.506529189341151209e+00
6.509588205440563158e+00
6.509588205440563158e+00
6.509588205440563158e+00
6.110907521055416680e+00
5.909720619541943165e+00
6.360718806191433927e+00
6.360718806191433927e+00
6.360718806191433927e+00
6.526331351331924324e+00
6.110907521055416680e+00
6.398535866248244552e+00
5.909720619541943165e+00
6.295791655876656456e+00
6.292639503899575715e+00
6.292639503899575715e+00
6.295791655876656456e+00
6.526331351331924324e+00
6.478211126201544268e+00
6.402153424614962951e+00
6.618450351690777111e+00
6.398535866248244552e+00
6.630396099708577573e+00
6.611146975343779708e+00
6.611146975343779708e+00
6.630396099708577573e+00
6.292639503899575715e+00
6.708725487733788739e+00
6.763540416127424848e+00
6.618450351690777111e+00
6.763003187252292214e+00
6.630396099708577573e+00
6.858389383825896246e+00
6.850505107430980622e+00
6.858389383825896246e+00
6.823260880819665530e+00
6.891444603827636683e+00
6.763003187252292214e+00
6.623321433707468842e+00
6.858389383825896246e+00
6.687370293344986116e+00
6.645426398069294471e+00
6.687370293344986116e+00
6.660383345274811795e+00
6.623321433707468842e+00
6.631909082773422170e+00
6.631909082773422170e+00
6.631909082773422170e+00
6.381814568149747124e+00
6.381814568149747124e+00
6.467864909727298439e+00
6.501411979890280968e+00
6.478211126201544268e+00
6.478211126201544268e+00
6.442037010681714193e+00
6.720081222634767038e+00
6.769696886941676262e+00
6.761539192486202943e+00
6.833449471169982914e+00
6.720081222634767038e+00
6.720081222634767038e+00
6.769696886941676262e+00
6.501411979890280968e+00
6.848475389639487432e+00
6.442037010681714193e+00
6.750899530787501490e+00
6.763540416127424848e+00
6.750899530787501490e+00
6.891531201520920469e+00
6.787511772650690389e+00
6.848475389639487432e+00
6.893814783889509634e+00
6.750899530787501490e+00
6.918169066475985396e+00
6.891444603827636683e+00
6.918169066475985396e+00
6.701160716577486909e+00
6.701160716577486909e+00
6.661594208154402175e+00
6.893814783889509634e+00
6.715460362749371193e+00
6.918169066475985396e+00
6.708677641030580396e+00
6.660383345274811795e+00
6.708677641030580396e+00
6.701160716577486909e+00
6.708677641030580396e+00
6.553486373061788051e+00
6.553486373061788051e+00
6.553486373061788051e+00
6.123502795940983567e+00
6.123502795940983567e+00
6.123502795940983567e+00
6.260221052505323236e+00
6.303323993792948166e+00
6.515257493437609959e+00
6.515257493437609959e+00
6.515257493437609959e+00
6.680469974821756196e+00
6.270590603244642125e+00
6.658315844893883728e+00
6.761539192486202943e+00
6.761539192486202943e+00
6.658315844893883728e+00
6.680469974821756196e+00
6.731340631961604259e+00
6.601466318422501978e+00
6.782434264968540738e+00
6.658315844893883728e+00
6.771978632902632356e+00
6.833449471169982914e+00
6.771978632902632356e+00
6.834193056264799893e+00
6.795365301285134940e+00
6.782434264968540738e+00
6.740156663033337381e+00
6.771978632902632356e+00
6.698572171381060869e+00
6.759308754704103528e+00
6.759308754704103528e+00
6.702196613642884770e+00
6.710569982078073537e+00
6.740156663033337381e+00
6.702196613642884770e+00
6.228925111640602807e+00
6.413029811658871537e+00
6.759308754704103528e+00
6.498373087396104530e+00
6.498373087396104530e+00
6.498373087396104530e+00
6.413029811658871537e+00
6.413029811658871537e+00
6.303323993792948166e+00
6.228925111640602807e+00
6.366176123120057539e+00
6.309267537712370810e+00
6.246783496348427889e+00
6.246783496348427889e+00
6.309267537712370810e+00
6.274334616913912477e+00
6.274334616913912477e+00
6.274334616913912477e+00
6.481659079889181996e+00
6.349262096017179502e+00
6.781918245056727912e+00
6.731340631961604259e+00
6.731340631961604259e+00
6.781918245056727912e+00
6.246783496348427889e+00
6.481659079889181996e+00
6.459472676339657937e+00
6.705259987691809975e+00
6.762276449922548061e+00
6.781918245056727912e+00
6.757120528527530645e+00
6.795365301285134940e+00
6.757120528527530645e+00
6.587694833721481125e+00
6.554080255134003608e+00
6.762276449922548061e+00
6.758069089880315516e+00
6.757120528527530645e+00
6.696123893312397435e+00
6.710569982078073537e+00
6.696123893312397435e+00
6.758069089880315516e+00
6.633992604731921539e+00
6.633992604731921539e+00
6.633992604731921539e+00
6.019241667615825797e+00
6.019241667615825797e+00
6.019241667615825797e+00
6.168953677546205050e+00
6.168953677546205050e+00
6.186993962495316524e+00
6.253930634983024817e+00
6.309264292716037836e+00
6.160498707998061541e+00
6.140915115943296421e+00
6.140915115943296421e+00
6.170203966155127340e+00
6.140915115943296421e+00
6.318292987707804897e+00
6.240905669730679506e+00
6.245077473918424715e+00
6.245077473918424715e+00
6.240905669730679506e+00
6.318292987707804897e+00
6.463135976613980205e+00
6.459472676339657937e+00
6.459472676339657937e+00
6.463135976613980205e+00
6.245077473918424715e+00
6.463135976613980205e+00
6.504083496431574574e+00
6.554080255134003608e+00
6.504083496431574574e+00
6.486883979378267995e+00
5.934509175070853182e+00
5.964268858812078911e+00
5.794171492809385704e+00
6.415487778791780116e+00
6.415487778791780116e+00
6.424637968627035178e+00
6.027299853262306328e+00
6.027299853262306328e+00
6.298547902352606975e+00
5.964268858812078911e+00
6.283971609763439048e+00
5.794171492809385704e+00
6.165766614198481932e+00
6.186993962495316524e+00
6.186993962495316524e+00
6.165766614198481932e+00
6.424637968627035178e+00
6.446997841885609759e+00
6.298547902352606975e+00
6.562232748150847783e+00
6.390583458916087700e+00
6.388715807183711348e+00
6.283971609763439048e+00
6.121920701573791312e+00
6.165766614198481932e+00
6.166072493074049810e+00
6.160498707998061541e+00
6.166072493074049810e+00
6.638251517241782196e+00
6.645160351866146620e+00
6.562232748150847783e+00
6.558943940066512823e+00
6.388715807183711348e+00
6.219838536701367993e+00
6.121920701573791312e+00
5.957598917429886676e+00
6.166072493074049810e+00
5.864547776365170328e+00
6.141122810038885937e+00
6.141122810038885937e+00
5.926039398469978181e+00
6.141122810038885937e+00
6.715626433731311629e+00
6.503282049639015128e+00
6.503282049639015128e+00
6.363675694907165337e+00
5.996555522512659664e+00
5.996555522512659664e+00
6.219838536701367993e+00
5.715744095643581879e+00
5.957598917429886676e+00
5.678951138236601359e+00
5.678951138236601359e+00
5.547711060119874027e+00
5.926039398469978181e+00
5.498921137625689681e+00
6.503282049639015128e+00
6.082517170767449244e+00
5.678951138236601359e+00
5.498921137625689681e+00
6.407703603521209601e+00
6.630722707352211920e+00
6.645160351866146620e+00
6.630722707352211920e+00
6.630722707352211920e+00
6.724851235201400712e+00
6.715626433731311629e+00
6.724851235201400712e+00
6.724851235201400712e+00
6.554901030820357910e+00
6.571635330407649356e+00
6.571635330407649356e+00
6.554893545305234603e+00
6.571635330407649356e+00
5.972263005876350839e+00
5.972263005876350839e+00
5.996555522512659664e+00
5.715744095643581879e+00
6.554901030820357910e+00
6.554893545305234603e+00
6.255383632505218117e+00
6.255383632505218117e+00
6.082517170767449244e+00
6.082517170767449244e+00
5.972263005876350839e+00
5.678877016574981340e+00
5.448634792254999581e+00
5.448634792254999581e+00
5.448634792254999581e+00
6.005892182310895500e+00
6.005892182310895500e+00
6.005892182310895500e+00
6.358050146305947337e+00
5.872784212491054312e+00
5.939091924808550971e+00
5.872784212491054312e+00
6.407703603521209601e+00
6.446997841885609759e+00
6.446997841885609759e+00
6.407703603521209601e+00
6.027299853262306328e+00
6.388883948602390284e+00
6.388883948602390284e+00
6.388883948602390284e+00
6.568997145370925494e+00
6.354377768564937412e+00
6.556660391135707755e+00
6.568997145370925494e+00
6.600468351941478851e+00
6.553662929012737948e+00
6.780381247888328744e+00
6.556660391135707755e+00
6.746485938456965314e+00
6.670984250448761976e+00
6.717973544129187680e+00
6.780381247888328744e+00
6.609071355753631138e+00
6.746485938456965314e+00
6.584547207175139860e+00
6.619765222299802687e+00
6.609071355753631138e+00
5.872396880654198625e+00
5.843413018208237553e+00
5.839359849294520011e+00
6.275457314001799070e+00
6.275457314001799070e+00
6.332458806413151287e+00
6.044686731086788001e+00
6.044686731086788001e+00
6.315895156553204437e+00
5.872396880654198625e+00
6.342525776304195340e+00
5.843413018208237553e+00
6.330152379301015486e+00
6.329397267651709846e+00
6.329397267651709846e+00
6.330152379301015486e+00
6.672233968132248449e+00
6.672233968132248449e+00
6.672233968132248449e+00
6.688871854427248742e+00
6.315895156553204437e+00
6.609066654222766068e+00
6.286773834867475763e+00
6.597408388450249461e+00
6.342525776304195340e+00
6.577075281370191817e+00
6.600468351941478851e+00
6.600468351941478851e+00
6.577075281370191817e+00
6.329397267651709846e+00
6.688871854427248742e+00
6.695321494200333845e+00
6.592062035811262710e+00
6.682425450768915809e+00
6.609066654222766068e+00
6.838075279695555508e+00
6.597408388450249461e+00
6.909112860356618313e+00
6.577075281370191817e+00
6.769851849401898214e+00
6.717973544129187680e+00
6.769851849401898214e+00
6.713033241409074314e+00
6.687784266431334501e+00
6.687784266431334501e+00
6.703835058689155524e+00
6.838075279695555508e+00
6.922524072736269574e+00
6.909112860356618313e+00
6.790417999148812278e+00
6.769851849401898214e+00
6.631341510616945101e+00
6.619765222299802687e+00
6.631341510616945101e+00
6.687784266431334501e+00
6.922524072736269574e+00
6.631341510616945101e+00
6.586115290868751693e+00
6.586115290868751693e+00
6.586115290868751693e+00
6.552684210137210030e+00
6.552684210137210030e+00
6.552684210137210030e+00
6.680707901423375894e+00
6.327452540099561595e+00
6.636936261012889027e+00
6.313877454064580341e+00
6.698168853348797747e+00
6.680707901423375894e+00
6.573313796680087862e+00
6.628882389579726642e+00
6.782319425194338613e+00
6.636936261012889027e+00
6.783411335717045354e+00
6.698168853348797747e+00
6.817283444322694841e+00
6.732175256874405989e+00
6.772481920610640138e+00
6.782319425194338613e+00
6.725757094363145505e+00
6.783411335717045354e+00
6.593828506630077690e+00
6.817283444322694841e+00
6.571859073157892972e+00
6.716871854312596923e+00
6.361712955080413678e+00
6.725757094363145505e+00
6.571859073157892972e+00
6.288750380039032528e+00
6.288750380039032528e+00
6.288750380039032528e+00
6.431058088634530989e+00
6.313877454064580341e+00
5.873676034335819196e+00
5.799062737685768631e+00
5.873676034335819196e+00
6.318573559797391326e+00
6.350304031299281782e+00
6.350304031299281782e+00
6.318573559797391326e+00
6.044686731086788001e+00
6.695321494200333845e+00
6.695321494200333845e+00
6.698168853348797747e+00
6.350304031299281782e+00
6.713033241409074314e+00
6.817283444322694841e+00
6.696541025047214823e+00
6.696541025047214823e+00
6.642973042505496473e+00
6.696541025047214823e+00
6.642973042505496473e+00
6.682606695954461884e+00
6.682606695954461884e+00
6.682606695954461884e+00
6.024183674168535063e+00
5.977681388471438595e+00
5.880149976016562086e+00
5.880149976016562086e+00
5.993776567892800777e+00
6.109410882778570695e+00
6.109410882778570695e+00
6.209323709392805313e+00
5.864536749850491226e+00
5.864536749850491226e+00
6.222701320907046529e+00
6.024183674168535063e+00
6.345951599584875424e+00
5.977681388471438595e+00
6.513878025333085908e+00
6.605923951976352626e+00
6.605923951976352626e+00
6.513878025333085908e+00
5.880149976016562086e+00
6.417573984174469004e+00
6.458055093571427818e+00
6.463612067912899661e+00
6.622439911079550434e+00
6.417573984174469004e+00
6.417573984174469004e+00
6.458055093571427818e+00
6.222701320907046529e+00
6.396826534892080751e+00
6.251081318066920467e+00
6.510468510946636478e+00
6.345951599584875424e+00
6.518699603247260832e+00
6.573313796680087862e+00
6.573313796680087862e+00
6.518699603247260832e+00
6.605923951976352626e+00
6.492012445811519150e+00
6.811709660869691874e+00
6.396826534892080751e+00
6.647303347994292011e+00
6.510468510946636478e+00
6.595995668844610194e+00
6.518699603247260832e+00
6.747331329456062399e+00
6.772481920610640138e+00
6.747331329456062399e+00
6.489950698681790975e+00
6.489950698681790975e+00
6.646740589304537927e+00
6.647303347994292011e+00
6.522677473545619442e+00
6.595995668844610194e+00
6.511736214013108537e+00
6.747331329456062399e+00
6.719592569835673324e+00
6.716871854312596923e+00
6.719592569835673324e+00
6.489950698681790975e+00
6.107228426876550209e+00
6.522677473545619442e+00
6.719592569835673324e+00
6.660316694660987302e+00
6.660316694660987302e+00
6.660316694660987302e+00
6.361712955080413678e+00
5.808303277788186669e+00
6.312892695391058240e+00
6.312892695391058240e+00
6.331846141212308154e+00
5.999193565529410854e+00
5.999193565529410854e+00
6.352046388179836356e+00
6.217260672805405619e+00
5.808303277788186669e+00
6.165204142184562919e+00
5.693287533047616478e+00
6.111893971379192436e+00
6.521334819712419240e+00
6.521334819712419240e+00
6.521334819712419240e+00
6.532710558696350311e+00
6.352046388179836356e+00
6.491561382207096109e+00
6.266061420404058779e+00
6.661592205880369377e+00
6.217260672805405619e+00
6.576317701262416549e+00
6.165204142184562919e+00
6.424677797749434482e+00
6.463612067912899661e+00
6.463612067912899661e+00
6.424677797749434482e+00
6.532710558696350311e+00
6.522912075484748051e+00
6.476249876935894711e+00
6.667164883831069311e+00
6.491561382207096109e+00
6.657374624113531425e+00
6.661592205880369377e+00
6.666550342427935760e+00
6.576317701262416549e+00
6.630594361163792527e+00
6.424677797749434482e+00
6.633334272511470786e+00
6.622439911079550434e+00
6.633334272511470786e+00
6.815987083458546536e+00
6.753973398582044929e+00
6.753973398582044929e+00
6.630820694326830633e+00
6.657374624113531425e+00
6.627640821985725239e+00
6.666550342427935760e+00
6.555315543503713371e+00
6.630594361163792527e+00
6.607998690952317844e+00
6.633334272511470786e+00
6.534520060732383229e+00
6.491310446826100033e+00
6.491310446826100033e+00
6.483782569924670725e+00
6.753973398582044929e+00
6.627640821985725239e+00
6.607998690952317844e+00
6.534520060732383229e+00
6.483782569924670725e+00
5.693287533047616478e+00
5.683964508024947904e+00
5.683964508024947904e+00
6.150719463971598522e+00
6.150719463971598522e+00
6.111893971379192436e+00
5.683964508024947904e+00
5.864536749850491226e+00
6.150719463971598522e+00
6.491310446826100033e+00
6.425824072157617195e+00
6.425824072157617195e+00
6.425824072157617195e+00
6.107228426876550209e+00
5.904382578391405012e+00
5.660809861664303888e+00
5.712582530007444426e+00
5.758685601938281273e+00
5.680371608151467022e+00
5.660809861664303888e+00
6.190122584193534117e+00
5.712582530007444426e+00
6.222821678901040876e+00
6.326904000621422774e+00
6.326904000621422774e+00
6.222821678901040876e+00
5.680371608151467022e+00
5.999193565529410854e+00
6.355290256719869468e+00
6.355290256719869468e+00
6.584919992705713376e+00
6.372068723109848065e+00
6.306509992738493331e+00
5.904382578391405012e+00
6.290522057174923631e+00
6.190122584193534117e+00
6.486318412887004392e+00
6.522912075484748051e+00
6.522912075484748051e+00
6.486318412887004392e+00
6.326904000621422774e+00
6.486318412887004392e+00
6.789908079716199474e+00
6.815987083458546536e+00
6.789908079716199474e+00
6.789908079716199474e+00
6.698647551406840428e+00
6.882277828456023983e+00
6.882277828456023983e+00
6.827562605216849434e+00
6.882277828456023983e+00
6.698647551406840428e+00
6.827562605216849434e+00
6.436308196624942468e+00
6.436308196624942468e+00
6.436308196624942468e+00
6.574576301488612273e+00
6.574576301488612273e+00
6.597957448952456616e+00
6.567276057709691806e+00
6.567276057709691806e+00
6.721358211504619540e+00
6.372068723109848065e+00
6.675905727375977428e+00
6.306509992738493331e+00
6.579114161499266089e+00
6.242872079571853305e+00
6.556079482865554198e+00
6.290522057174923631e+00
6.509811069775680359e+00
6.597957448952456616e+00
6.596940250317759435e+00
6.721358211504619540e+00
6.717665779649751201e+00
6.685866653658391279e+00
6.711364456206300844e+00
6.675905727375977428e+00
6.698556891863248097e+00
6.579114161499266089e+00
6.663958903877688300e+00
6.556079482865554198e+00
6.616175861593167618e+00
6.509811069775680359e+00
6.644267956114618734e+00
6.671670294950780900e+00
6.565804848087127610e+00
6.565804848087127610e+00
6.572829313587306821e+00
6.711364456206300844e+00
6.600704408991945549e+00
6.698556891863248097e+00
6.542386733330258330e+00
6.663958903877688300e+00
6.527008959356452422e+00
6.616175861593167618e+00
6.534369155156099396e+00
6.644267956114618734e+00
6.490797114490630015e+00
6.565804848087127610e+00
6.457053455230941985e+00
6.600704408991945549e+00
6.305909304385211911e+00
6.542386733330258330e+00
6.527008959356452422e+00
6.490797114490630015e+00
5.969317596734253328e+00
5.986772602715644709e+00
5.816906029241940779e+00
6.251321673755426467e+00
5.986772602715644709e+00
6.412325762379735394e+00
5.816906029241940779e+00
6.497062834887748828e+00
6.505385267430477292e+00
6.505385267430477292e+00
6.497062834887748828e+00
6.210884373962578309e+00
6.210884373962578309e+00
6.261314097393159805e+00
6.042885625716303721e+00
6.247001101651593835e+00
5.809982761336950574e+00
6.165392781551719104e+00
5.703724952876698673e+00
5.703724952876698673e+00
6.165499681094309459e+00
6.251321673755426467e+00
6.515001849075900076e+00
6.596940250317759435e+00
6.596940250317759435e+00
6.515001849075900076e+00
6.497062834887748828e+00
6.567276057709691806e+00
6.505385267430477292e+00
6.515001849075900076e+00
6.563574674263779940e+00
6.671670294950780900e+00
6.563574674263779940e+00
6.563574674263779940e+00
6.589774199900417351e+00
6.674393906992660774e+00
6.674393906992660774e+00
6.522770712101893409e+00
6.674393906992660774e+00
6.589774199900417351e+00
6.522770712101893409e+00
6.563956856392595185e+00
6.563956856392595185e+00
6.563956856392595185e+00
6.457053455230941985e+00
6.305909304385211911e+00
6.457385385445471471e+00
6.457385385445471471e+00
6.511815374580918636e+00
6.341266919762593268e+00
6.341266919762593268e+00
6.483441440448986626e+00
6.247001101651593835e+00
6.564418945838671249e+00
6.165392781551719104e+00
6.401985359389015251e+00
6.165499681094309459e+00
6.356815296410745830e+00
6.354507450707985505e+00
6.466329742521797819e+00
6.641150367258635612e+00
6.641150367258635612e+00
6.641150367258635612e+00
6.723417968812113621e+00
6.483441440448986626e+00
6.658581166853475786e+00
6.653810303487963651e+00
6.675538964108747919e+00
6.564418945838671249e+00
6.461699556024041335e+00
6.401985359389015251e+00
6.489329576291193113e+00
6.356815296410745830e+00
6.483471044333069422e+00
6.466329742521797819e+00
6.536442473440052581e+00
6.730231398918178343e+00
6.605338171448408069e+00
6.641189117065773750e+00
6.476988812715070765e+00
6.476988812715070765e+00
6.474569548542039144e+00
6.675538964108747919e+00
6.516344559545669490e+00
6.461699556024041335e+00
6.401203658703946253e+00
6.489329576291193113e+00
6.480082561877407166e+00
6.483471044333069422e+00
6.522579666875528481e+00
6.536442473440052581e+00
6.586852767474812076e+00
6.476988812715070765e+00
6.445428871556298844e+00
6.516344559545669490e+00
6.247002064893288242e+00
6.401203658703946253e+00
6.194720508172789408e+00
6.480082561877407166e+00
6.586852767474812076e+00
6.011546122175690954e+00
6.011546122175690954e+00
6.140882009170272049e+00
6.124470354551887041e+00
6.442873967515696521e+00
5.986540709143807426e+00
6.185600220883110012e+00
6.036183371880610160e+00
6.027366780506285160e+00
6.353624986491086091e+00
6.511824764995316706e+00
6.124616529829484790e+00
6.502896021074857202e+00
6.020631481590550393e+00
6.020631481590550393e+00
6.559119510999613212e+00
6.442873967515696521e+00
6.639209258144747494e+00
6.185600220883110012e+00
6.542390194895012279e+00
6.036183371880610160e+00
6.405679438485545774e+00
6.027366780506285160e+00
6.515079680880593749e+00
6.057675949631605050e+00
6.570832477640349722e+00
6.057675949631605050e+00
6.211921792129877495e+00
5.838283266671842497e+00
5.660939807404378854e+00
5.625270094660835163e+00
5.640820227417884247e+00
5.665365557572767052e+00
5.697606294677814986e+00
5.697606294677814986e+00
5.665365557572767052e+00
6.211921792129877495e+00
6.479928331479847259e+00
5.838283266671842497e+00
6.357293000369956815e+00
5.660939807404378854e+00
6.322800122382536081e+00
6.298276367282174881e+00
6.298276367282174881e+00
6.322800122382536081e+00
5.703615892283051103e+00
6.042885625716303721e+00
5.640820227417884247e+00
5.809982761336950574e+00
5.665365557572767052e+00
5.703724952876698673e+00
5.697606294677814986e+00
6.479928331479847259e+00
6.551325334133428768e+00
6.576558999961326535e+00
6.576558999961326535e+00
6.551325334133428768e+00
6.322800122382536081e+00
6.341266919762593268e+00
6.298276367282174881e+00
6.730231398918178343e+00
6.730231398918178343e+00
6.756196142609137034e+00
6.576558999961326535e+00
6.722771830857183772e+00
6.722771830857183772e+00
6.828695582048183610e+00
6.828695582048183610e+00
6.722771830857183772e+00
6.605338171448408069e+00
6.828695582048183610e+00
6.529286068997646630e+00
6.475701141231077429e+00
6.475701141231077429e+00
6.475701141231077429e+00
6.445428871556298844e+00
6.247002064893288242e+00
6.194720508172789408e+00
7.024956468347519412e+00
7.217161130613307662e+00
7.052847187022297071e+00
7.104449378431088036e+00
7.123624245392369936e+00
7.062679169420789549e+00
3.153999236674798645e+00
4.086666701679932068e+00
4.032746576318290366e+00
5.134211640353742112e+00
5.131670076216354737e+00
6.301071579100788078e+00
6.294192246073053276e+00
7.027616336036767386e+00
4.032746576318290366e+00
3.882701298795574463e+00
5.131670076216354737e+00
5.033661975142073253e+00
6.294192246073053276e+00
6.209973455926999009e+00
7.070564609204898154e+00
7.206917529242986120e+00
7.004376232162472959e+00
7.004376232162472959e+00
7.070564609204898154e+00
3.882701298795574463e+00
3.878217913152183005e+00
5.033661975142073253e+00
5.036493652116465825e+00
6.209973455926999009e+00
6.210412312159942161e+00
7.206917529242986120e+00
7.133811102034421481e+00
7.087928066054574039e+00
7.087928066054574039e+00
7.217161130613307662e+00
3.865292074182327120e+00
3.878217913152183005e+00
5.035098572943987882e+00
5.036493652116465825e+00
6.204344728088589278e+00
6.210412312159942161e+00
7.075443912103807520e+00
7.133811102034421481e+00
7.076987431708637644e+00
6.502896021074857202e+00
6.768494462716631688e+00
6.559119510999613212e+00
6.822711119390696410e+00
6.524112798330632401e+00
6.777125399835694175e+00
6.639209258144747494e+00
6.799263030380867434e+00
6.542390194895012279e+00
6.808713795909100419e+00
6.405679438485545774e+00
6.725270886612674914e+00
6.515079680880593749e+00
6.668900156822236802e+00
6.570832477640349722e+00
6.622430536969975634e+00
6.768494462716631688e+00
6.851726651890373887e+00
6.822711119390696410e+00
6.954547270498919964e+00
6.777125399835694175e+00
6.941001697361927292e+00
6.799263030380867434e+00
6.809126846693278168e+00
6.808713795909100419e+00
6.808961999715906543e+00
6.725270886612674914e+00
6.769594897763800745e+00
6.668900156822236802e+00
6.758653126008351109e+00
6.622430536969975634e+00
6.756196142609137034e+00
6.851726651890373887e+00
6.786357802554608298e+00
6.954547270498919964e+00
6.993625670719051612e+00
6.941001697361927292e+00
6.831681218516305165e+00
6.809126846693278168e+00
6.654892249807621951e+00
6.808961999715906543e+00
6.674154573558598535e+00
6.769594897763800745e+00
6.629857724918200468e+00
6.758653126008351109e+00
6.681267612020698188e+00
6.756196142609137034e+00
6.681774974154896185e+00
6.476156279479134525e+00
6.786357802554608298e+00
6.531022751777075364e+00
6.993625670719051612e+00
6.831681218516305165e+00
6.654892249807621951e+00
6.674154573558598535e+00
6.629857724918200468e+00
6.681774974154896185e+00
6.538290927807191011e+00
6.538290927807191011e+00
6.578203180063976419e+00
6.435655237318475663e+00
6.435655237318475663e+00
6.630397817371332714e+00
6.511824764995316706e+00
6.750398204904056954e+00
6.590323563778035520e+00
6.734807810436277187e+00
6.734807810436277187e+00
6.718573878790545351e+00
6.735311806084899544e+00
6.778300964354296632e+00
6.750398204904056954e+00
6.843969759483584880e+00
6.734807810436277187e+00
6.559212905978946573e+00
6.559212905978946573e+00
6.630752972680789448e+00
6.843969759483584880e+00
6.681300134876482666e+00
6.559212905978946573e+00
6.506613810393765185e+00
6.681300134876482666e+00
6.494216058908206968e+00
6.494216058908206968e+00
6.537969833614028836e+00
3.176557129868405660e+00
3.153999236674798645e+00
4.180467105040585274e+00
4.086666701679932068e+00
5.257956207034450102e+00
5.134211640353742112e+00
6.391643371295674392e+00
6.301071579100788078e+00
6.734151848803931806e+00
7.027616336036767386e+00
7.027616336036767386e+00
7.027616336036767386e+00
6.734151848803931806e+00
6.914449707342293472e+00
7.085923887035198376e+00
3.916955042107260976e+00
3.865292074182327120e+00
5.075161617165994343e+00
5.035098572943987882e+00
6.257235314059704123e+00
6.204344728088589278e+00
7.076987431708637644e+00
7.076987431708637644e+00
7.085923887035198376e+00
5.913407148726681939e+00
6.338013551345588859e+00
5.991093470230209661e+00
6.364547621440991065e+00
6.012350098189399361e+00
6.302055501424091766e+00
6.047950645404137404e+00
6.463463155879124677e+00
6.177446798800634298e+00
6.553897604652260789e+00
6.177339093524477853e+00
6.533574020322628684e+00
6.066359254942488732e+00
6.647848986634723012e+00
6.142514718522606110e+00
6.547349927543400838e+00
6.268231276630872095e+00
6.600974771594875889e+00
6.252679752683193648e+00
6.530517462301643761e+00
6.302001636892132552e+00
6.602595981250135360e+00
6.278463974907011469e+00
6.586825687933868245e+00
6.428669802842049918e+00
6.620120836787047658e+00
6.358607064157359545e+00
6.719777870327332536e+00
6.377042077559793576e+00
6.606103911450211363e+00
6.373489344894813335e+00
6.579757687331398763e+00
6.600974771594875889e+00
6.680339451261710693e+00
6.530517462301643761e+00
6.690188709774500531e+00
6.602595981250135360e+00
6.716385211369188646e+00
6.586825687933868245e+00
6.641260428935105153e+00
6.620120836787047658e+00
6.721558062726602500e+00
6.719777870327332536e+00
6.705010467678647501e+00
6.606103911450211363e+00
6.780840225401902899e+00
6.579757687331398763e+00
6.689741597766485803e+00
6.680339451261710693e+00
6.652372941378327909e+00
6.690188709774500531e+00
6.647135769951189488e+00
6.716385211369188646e+00
6.602559060033985183e+00
6.641260428935105153e+00
6.588189562418272693e+00
6.721558062726602500e+00
6.562040304926743062e+00
6.705010467678647501e+00
6.572796355045569250e+00
6.780840225401902899e+00
6.693189584668795433e+00
6.689741597766485803e+00
6.823065234488654873e+00
6.352841422785984626e+00
6.652372941378327909e+00
6.647135769951189488e+00
6.588189562418272693e+00
6.562040304926743062e+00
6.572796355045569250e+00
6.693189584668795433e+00
6.823065234488654873e+00
6.364547621440991065e+00
6.786256155820334257e+00
6.302055501424091766e+00
6.668173754891639327e+00
6.463463155879124677e+00
6.705751625311055619e+00
6.553897604652260789e+00
6.771330440358060976e+00
6.533574020322628684e+00
6.793615029588393028e+00
6.647848986634723012e+00
6.931149921393672031e+00
6.547349927543400838e+00
6.824731956815018208e+00
6.551306903349323640e+00
6.846219128519186015e+00
6.786256155820334257e+00
6.703374550964785072e+00
6.668173754891639327e+00
6.781349153553255071e+00
6.705751625311055619e+00
6.750213717894483878e+00
6.771330440358060976e+00
6.829296094713992460e+00
6.793615029588393028e+00
6.855187869633243558e+00
6.931149921393672031e+00
6.997554481761454781e+00
6.824731956815018208e+00
6.998136045156718055e+00
6.846219128519186015e+00
7.005222795219864018e+00
6.703374550964785072e+00
6.532010175521828721e+00
6.781349153553255071e+00
6.635348356238610634e+00
6.750213717894483878e+00
6.574488628732256146e+00
6.829296094713992460e+00
6.708033712966106954e+00
6.855187869633243558e+00
6.748529735325297096e+00
6.997554481761454781e+00
6.844134482158232835e+00
6.998136045156718055e+00
6.807744709154084362e+00
7.005222795219864018e+00
6.775966130923570141e+00
6.258137478537752152e+00
6.532010175521828721e+00
6.287171804448557388e+00
6.635348356238610634e+00
6.331888229973790416e+00
6.574488628732256146e+00
6.301541985414962355e+00
6.708033712966106954e+00
6.748529735325297096e+00
6.844134482158232835e+00
6.807744709154084362e+00
6.775966130923570141e+00
3.176557129868405660e+00
4.180467105040585274e+00
5.257956207034450102e+00
6.391643371295674392e+00
6.734151848803931806e+00
6.583738242975167410e+00
6.506613810393765185e+00
6.476156279479134525e+00
6.531022751777075364e+00
6.610273657164978722e+00
6.813447096575225181e+00
6.610774574572681139e+00
6.849754391752598259e+00
6.655730139008612767e+00
6.854963478625765383e+00
6.686007431242583898e+00
6.892759809381127312e+00
6.508743721298175799e+00
6.952044992799089940e+00
6.415524320838209782e+00
6.773241674074540697e+00
6.416467884717185655e+00
6.712713047450592718e+00
6.391241499215637667e+00
6.643879141835501656e+00
6.813447096575225181e+00
6.966076973340125988e+00
6.849754391752598259e+00
6.909935362365430045e+00
6.854963478625765383e+00
6.886746306679121687e+00
6.892759809381127312e+00
6.933270370611110955e+00
6.952044992799089940e+00
7.056956956289533345e+00
6.773241674074540697e+00
6.913219644523077356e+00
6.712713047450592718e+00
6.887417614777423758e+00
6.643879141835501656e+00
6.716308289063672277e+00
6.966076973340125988e+00
6.729937386748093608e+00
6.909935362365430045e+00
6.725471718595925630e+00
6.886746306679121687e+00
6.721999315945084597e+00
6.933270370611110955e+00
6.634936464584335170e+00
7.056956956289533345e+00
6.715713107954289107e+00
6.913219644523077356e+00
6.782248965944948971e+00
6.887417614777423758e+00
6.868079396360792011e+00
6.716308289063672277e+00
6.683598729104501146e+00
6.729937386748093608e+00
6.725471718595925630e+00
6.399974469104384944e+00
6.721999315945084597e+00
6.385667524173374687e+00
6.634936464584335170e+00
6.352735736454834914e+00
6.715713107954289107e+00
6.354579701590859386e+00
6.782248965944948971e+00
6.868079396360792011e+00
6.683598729104501146e+00
6.108745294160513595e+00
6.391241499215637667e+00
5.964746093843626973e+00
6.268231276630872095e+00
6.046664659386842722e+00
6.252679752683193648e+00
5.886366172535670849e+00
6.302001636892132552e+00
6.278463974907011469e+00
6.358607064157359545e+00
6.377042077559793576e+00
5.899159811182997259e+00
6.373489344894813335e+00
6.622309341902958835e+00
6.927077135812087505e+00
6.826354280516262918e+00
7.061529737470872981e+00
6.695285633637383604e+00
6.865045522266115086e+00
6.441751766188095196e+00
6.705924452436322625e+00
6.458532338161660391e+00
6.661195226619776477e+00
6.499118869789557884e+00
6.834286227989683660e+00
6.328651521981818462e+00
6.618956630811037023e+00
6.338013551345588859e+00
6.629397387216852344e+00
6.927077135812087505e+00
7.052847187022297071e+00
7.052847187022297071e+00
7.052847187022297071e+00
6.927077135812087505e+00
6.865045522266115086e+00
6.932986516661102883e+00
6.705924452436322625e+00
6.858489841112527685e+00
6.661195226619776477e+00
6.901043491378905159e+00
6.834286227989683660e+00
7.089751055711661643e+00
6.618956630811037023e+00
6.893347575464618515e+00
6.629397387216852344e+00
6.897653651578945500e+00
7.085923887035198376e+00
7.087928066054574039e+00
7.062679169420789549e+00
7.062679169420789549e+00
7.059938541887523122e+00
6.932986516661102883e+00
6.905082097094704885e+00
6.858489841112527685e+00
6.800908629759885748e+00
6.901043491378905159e+00
6.761514923468729954e+00
7.089751055711661643e+00
6.955217668941196862e+00
6.893347575464618515e+00
6.915308457744280268e+00
6.897653651578945500e+00
6.743073718957090179e+00
7.101172195866204184e+00
7.048723860571149302e+00
6.905082097094704885e+00
6.800908629759885748e+00
6.761514923468729954e+00
6.955217668941196862e+00
6.915308457744280268e+00
6.743073718957090179e+00
3.916955042107260976e+00
5.075161617165994343e+00
6.257235314059704123e+00
6.687087629684916656e+00
6.622309341902958835e+00
6.826354280516262918e+00
6.695285633637383604e+00
6.441751766188095196e+00
6.458532338161660391e+00
6.499118869789557884e+00
6.328651521981818462e+00
6.184547392855010095e+00
6.551306903349323640e+00
6.126618292189115245e+00
6.610273657164978722e+00
6.151835153981859428e+00
6.610774574572681139e+00
6.260075930667866828e+00
6.655730139008612767e+00
6.686007431242583898e+00
6.132394677327452470e+00
6.508743721298175799e+00
6.081415103316401449e+00
6.415524320838209782e+00
6.107310671917160150e+00
6.416467884717185655e+00
6.319623575229301515e+00
6.570517727325822399e+00
6.264568797674442635e+00
6.512212089211593558e+00
6.205665072705528473e+00
6.453803096289354002e+00
6.319920154296959858e+00
6.600756335909670369e+00
6.590323563778035520e+00
6.590323563778035520e+00
6.600756335909670369e+00
6.404062379623271184e+00
6.435655237318475663e+00
6.490558037160907290e+00
6.570517727325822399e+00
6.692988006955976843e+00
6.512212089211593558e+00
6.643265633725206065e+00
6.453803096289354002e+00
6.583039778819064658e+00
6.600756335909670369e+00
6.667874239648184265e+00
6.741508265542280220e+00
6.741508265542280220e+00
6.739205803603132594e+00
6.741508265542280220e+00
6.692988006955976843e+00
6.768268258789106540e+00
6.643265633725206065e+00
6.552584199345723448e+00
6.583039778819064658e+00
6.496117092382071689e+00
6.667874239648184265e+00
6.460487281836551077e+00
6.739205803603132594e+00
6.577012095383094170e+00
6.545257536872680859e+00
6.545257536872680859e+00
6.512826905313120918e+00
6.545257536872680859e+00
6.768268258789106540e+00
6.552584199345723448e+00
6.496117092382071689e+00
6.460487281836551077e+00
6.577012095383094170e+00
6.512826905313120918e+00
6.555099916416195605e+00
6.555099916416195605e+00
6.555099916416195605e+00
5.899159811182997259e+00
5.871123501179217108e+00
5.935086358336551626e+00
5.888716196085649557e+00
5.867009633154916415e+00
5.746127943656125225e+00
5.843624915820848642e+00
5.920251798293269196e+00
5.871123501179217108e+00
6.319623575229301515e+00
5.935086358336551626e+00
6.264568797674442635e+00
5.888716196085649557e+00
6.205665072705528473e+00
5.867009633154916415e+00
6.319920154296959858e+00
5.746127943656125225e+00
6.315586752519767089e+00
5.843624915820848642e+00
6.404062379623271184e+00
6.490558037160907290e+00
6.490558037160907290e+00
6.404062379623271184e+00
6.043113457274834843e+00
6.353624986491086091e+00
5.988954556596316259e+00
6.020631481590550393e+00
6.020765415604272697e+00
6.020765415604272697e+00
6.020631481590550393e+00
6.124470354551887041e+00
5.986540709143807426e+00
5.988954556596316259e+00
6.124616529829484790e+00
6.020631481590550393e+00
6.020631481590550393e+00
6.020765415604272697e+00
6.126618292189115245e+00
6.151835153981859428e+00
6.260075930667866828e+00
6.132394677327452470e+00
6.081415103316401449e+00
6.107310671917160150e+00
6.108745294160513595e+00
5.913407148726681939e+00
5.942058122347305016e+00
5.890073624830219678e+00
5.821587234850140291e+00
5.991093470230209661e+00
6.012350098189399361e+00
6.047950645404137404e+00
6.177446798800634298e+00
6.177339093524477853e+00
5.942058122347305016e+00
6.066359254942488732e+00
5.890073624830219678e+00
6.142514718522606110e+00
5.821587234850140291e+00
6.184547392855010095e+00
5.655247052963918719e+00
5.964746093843626973e+00
6.046664659386842722e+00
5.655247052963918719e+00
5.886366172535670849e+00
6.258137478537752152e+00
6.287171804448557388e+00
6.331888229973790416e+00
6.301541985414962355e+00
6.399974469104384944e+00
6.385667524173374687e+00
6.352735736454834914e+00
6.354579701590859386e+00
6.352841422785984626e+00
