6.015881596086096295e+00
6.015881596086096295e+00
6.015881596086096295e+00
6.009411174461684269e+00
5.983543622544065244e+00
6.020689342220292062e+00
5.945045674661637136e+00
5.945045674661637136e+00
6.020689342220292062e+00
6.020689342220292062e+00
6.160089090701252879e+00
6.160089090701252879e+00
6.444935045669986984e+00
6.053572029785882158e+00
6.416047537658417177e+00
6.442085669290705141e+00
6.053572029785882158e+00
6.032052263201102882e+00
6.032052263201102882e+00
6.412330792440156912e+00
6.444935045669986984e+00
6.412330792440156912e+00
6.412330792440156912e+00
6.451396115722825897e+00
6.442085669290705141e+00
6.451396115722825897e+00
6.547290717375345181e+00
6.620811170653031930e+00
6.451396115722825897e+00
6.100014620079119432e+00
6.100014620079119432e+00
6.236990981132249701e+00
6.236990981132249701e+00
6.236990981132249701e+00
6.296993562056466764e+00
6.296993562056466764e+00
6.307179975510207370e+00
6.508380993835125139e+00
6.620811170653031930e+00
6.508380993835125139e+00
6.437712270251674695e+00
6.307179975510207370e+00
6.307179975510207370e+00
6.437712270251674695e+00
6.313087443441810720e+00
6.294823161381781773e+00
6.294823161381781773e+00
6.320718632713637319e+00
6.300149729087172190e+00
6.313087443441810720e+00
6.300149729087172190e+00
6.324930255997903927e+00
6.366206262886756839e+00
6.300149729087172190e+00
6.335778013057656644e+00
6.335778013057656644e+00
6.342833199886001694e+00
6.313824652584349550e+00
6.349559691877514567e+00
6.408495336440936718e+00
6.438129573978829789e+00
6.349559691877514567e+00
6.320718632713637319e+00
6.320718632713637319e+00
6.313824652584349550e+00
6.366206262886756839e+00
6.349559691877514567e+00
6.342833199886001694e+00
6.342833199886001694e+00
6.345660960869361489e+00
6.345660960869361489e+00
6.523090100153615900e+00
6.438129573978829789e+00
6.523090100153615900e+00
6.372995441272752970e+00
6.318202974705920738e+00
6.318202974705920738e+00
6.318202974705920738e+00
6.350781025643930988e+00
6.403517681221206459e+00
6.350781025643930988e+00
6.337814397303610292e+00
6.403517681221206459e+00
6.356248924794424937e+00
6.372995441272752970e+00
6.356248924794424937e+00
6.396135058607898216e+00
6.202007930661178392e+00
6.202007930661178392e+00
6.202007930661178392e+00
6.337814397303610292e+00
6.337814397303610292e+00
6.286068626625715083e+00
6.286068626625715083e+00
6.371611714249173275e+00
6.396135058607898216e+00
6.381829025996836435e+00
6.381829025996836435e+00
6.339606570131918417e+00
6.346869919080506683e+00
6.346869919080506683e+00
6.346869919080506683e+00
6.376099702047977047e+00
6.371611714249173275e+00
6.376099702047977047e+00
6.376099702047977047e+00
6.336646509082111578e+00
6.339606570131918417e+00
6.336646509082111578e+00
6.336646509082111578e+00
6.397706479990162620e+00
6.379213464343338025e+00
6.377840344823039409e+00
6.339609847385853314e+00
6.396241524188075900e+00
6.379213464343338025e+00
6.396241524188075900e+00
6.342070006125368309e+00
6.396241524188075900e+00
6.358670213234137059e+00
6.339609847385853314e+00
6.358670213234137059e+00
6.628027181017797531e+00
6.503545596802975837e+00
6.358670213234137059e+00
6.162245226335993920e+00
6.252516848168895969e+00
6.162245226335993920e+00
6.183596261484443524e+00
6.252516848168895969e+00
6.407204662129603712e+00
6.503545596802975837e+00
6.407204662129603712e+00
6.211955755313071315e+00
6.240940170368827644e+00
6.183596261484443524e+00
6.183596261484443524e+00
6.235012637089472953e+00
6.240940170368827644e+00
6.187970061737188665e+00
6.235012637089472953e+00
6.305889989790598449e+00
6.211955755313071315e+00
6.305889989790598449e+00
6.239561482651544644e+00
6.287770340518324730e+00
6.437540323895633243e+00
6.355190541033567619e+00
6.311074299696395329e+00
5.923546925784249240e+00
5.923546925784249240e+00
6.185836378968299520e+00
6.187970061737188665e+00
6.187970061737188665e+00
6.185836378968299520e+00
6.185836378968299520e+00
6.215529834895741956e+00
6.239561482651544644e+00
6.215529834895741956e+00
6.215529834895741956e+00
6.237318135706646061e+00
6.240946562580497847e+00
6.372701299095404615e+00
6.372701299095404615e+00
6.372701299095404615e+00
6.459860234554586356e+00
6.240946562580497847e+00
6.511085436399309145e+00
6.437540323895633243e+00
6.511085436399309145e+00
6.459860234554586356e+00
6.425377823062830451e+00
6.640457558242903069e+00
6.417172958306672115e+00
6.511085436399309145e+00
6.305239760085456169e+00
6.311074299696395329e+00
6.305239760085456169e+00
6.363853254147268323e+00
6.305239760085456169e+00
6.139150544856833314e+00
6.072325585304616524e+00
6.172881361055644334e+00
6.172881361055644334e+00
6.172881361055644334e+00
6.484815183463174648e+00
6.425377823062830451e+00
6.425377823062830451e+00
6.370522214851149556e+00
6.484815183463174648e+00
6.463600937532181234e+00
6.370522214851149556e+00
6.407998086719084441e+00
6.363853254147268323e+00
6.407998086719084441e+00
6.427710953836165864e+00
6.205693752982401001e+00
6.329110848758241481e+00
6.329110848758241481e+00
6.329110848758241481e+00
6.063338065900669704e+00
6.063338065900669704e+00
6.092676360406196423e+00
6.173949563620913850e+00
6.119415194461342189e+00
6.092676360406196423e+00
6.086041940135586081e+00
6.173949563620913850e+00
6.430510935761645896e+00
6.463600937532181234e+00
6.463600937532181234e+00
6.430510935761645896e+00
6.325081857405700170e+00
6.297980615674832805e+00
6.430510935761645896e+00
6.422998647585037801e+00
6.427710953836165864e+00
6.422998647585037801e+00
6.371805099315815291e+00
6.262639915153518366e+00
6.262639915153518366e+00
6.262639915153518366e+00
6.086041940135586081e+00
6.086041940135586081e+00
6.089605372027830477e+00
6.297980615674832805e+00
6.326356432302830513e+00
6.371805099315815291e+00
6.305134386108324662e+00
5.998359876013572567e+00
5.998359876013572567e+00
5.998359876013572567e+00
6.180919564271765587e+00
6.180919564271765587e+00
6.206609943868762080e+00
6.089605372027830477e+00
6.326356432302830513e+00
6.282783991952685554e+00
6.396851891485521691e+00
6.326356432302830513e+00
6.305134386108324662e+00
6.252636654849205833e+00
6.105347627018126389e+00
6.206609943868762080e+00
6.206609943868762080e+00
6.109192727430971637e+00
6.248655778386593695e+00
6.248655778386593695e+00
6.248655778386593695e+00
6.295600915917400897e+00
6.109192727430971637e+00
6.446224539825490929e+00
6.396851891485521691e+00
6.446224539825490929e+00
6.302934682829720359e+00
6.215481598937448560e+00
6.215481598937448560e+00
6.266351911663488927e+00
6.446224539825490929e+00
6.224694371278668648e+00
6.252636654849205833e+00
6.224694371278668648e+00
6.266351911663488927e+00
6.215481598937448560e+00
6.224694371278668648e+00
6.247202845858129017e+00
6.121963648816795001e+00
6.121963648816795001e+00
6.139610042227935160e+00
6.187803331839915266e+00
6.187803331839915266e+00
6.187803331839915266e+00
6.279976836485293923e+00
6.302934682829720359e+00
6.302934682829720359e+00
6.282056427187497682e+00
6.121963648816795001e+00
6.279976836485293923e+00
6.256163733004924232e+00
6.282056427187497682e+00
6.201044852366374371e+00
6.281663823202173091e+00
6.281663823202173091e+00
6.212550429927626183e+00
6.281663823202173091e+00
6.215167039310645514e+00
6.212550429927626183e+00
5.856267777216280557e+00
5.957627527697510139e+00
5.970762768299259449e+00
6.291161863099397067e+00
6.225809400220295053e+00
6.313947622294427298e+00
5.856267777216280557e+00
5.957627527697510139e+00
5.972140304943391875e+00
6.183176304113819022e+00
5.972140304943391875e+00
6.260544647478537783e+00
6.256163733004924232e+00
6.256163733004924232e+00
6.260544647478537783e+00
6.260544647478537783e+00
6.226267963437948083e+00
6.215167039310645514e+00
6.226267963437948083e+00
6.114665924176332368e+00
6.114665924176332368e+00
6.114665924176332368e+00
6.110678789446534864e+00
6.110678789446534864e+00
6.119740483209503701e+00
6.183873851253302689e+00
5.970762768299259449e+00
5.970762768299259449e+00
6.106851462407551168e+00
6.119740483209503701e+00
6.115963732093104177e+00
6.183873851253302689e+00
6.238586952335926306e+00
6.106851462407551168e+00
6.241067616786240002e+00
6.225809400220295053e+00
6.241067616786240002e+00
6.248875376920575597e+00
6.262857857966160680e+00
6.238586952335926306e+00
6.159247989644006438e+00
6.241067616786240002e+00
6.282548090195930968e+00
6.313947622294427298e+00
6.282548090195930968e+00
6.148201389668263239e+00
6.282548090195930968e+00
6.157237371524971969e+00
6.115963732093104177e+00
6.115963732093104177e+00
6.069870333682164443e+00
6.157237371524971969e+00
6.027265394771910145e+00
6.069870333682164443e+00
6.291266655568977129e+00
6.262857857966160680e+00
6.291266655568977129e+00
6.228836678079797018e+00
6.253784930381482532e+00
6.291266655568977129e+00
6.229578881220664499e+00
6.148201389668263239e+00
6.229578881220664499e+00
6.220934521463981071e+00
6.197539686818277715e+00
6.229578881220664499e+00
6.073511370018699118e+00
6.073511370018699118e+00
6.073511370018699118e+00
6.115091566740550100e+00
6.008762044187577089e+00
6.027265394771910145e+00
6.027265394771910145e+00
5.974588616510164485e+00
6.008762044187577089e+00
6.221638970475679820e+00
5.974588616510164485e+00
6.256500468056803044e+00
6.253784930381482532e+00
6.256500468056803044e+00
6.221638970475679820e+00
6.222498977882368720e+00
6.256500468056803044e+00
6.192797813361314851e+00
6.197539686818277715e+00
6.192797813361314851e+00
6.192797813361314851e+00
6.115091566740550100e+00
6.084979500036965305e+00
6.261813583399635341e+00
6.268648523787896387e+00
6.252617031972144801e+00
5.943718595612393685e+00
5.943718595612393685e+00
6.143844701582659162e+00
6.055630149293194542e+00
6.084979500036965305e+00
6.084979500036965305e+00
6.093067312674528502e+00
6.143844701582659162e+00
6.122257423766982676e+00
6.055630149293194542e+00
6.366787781937254920e+00
6.093067312674528502e+00
6.275481733121652361e+00
6.268648523787896387e+00
6.275481733121652361e+00
6.332663118376829381e+00
6.325738641503741988e+00
6.366787781937254920e+00
6.236127178903809742e+00
6.275481733121652361e+00
6.262563636338855488e+00
6.252617031972144801e+00
6.262563636338855488e+00
6.343715378249395798e+00
5.974797577371069757e+00
6.262563636338855488e+00
6.013127295106710513e+00
6.013127295106710513e+00
6.013127295106710513e+00
6.225666509031650087e+00
6.108252012745753134e+00
6.122257423766982676e+00
6.122257423766982676e+00
6.108252012745753134e+00
6.462863630316667773e+00
6.462863630316667773e+00
6.462863630316667773e+00
6.490656027407385231e+00
6.197309165056837266e+00
6.339742137408703293e+00
6.108252012745753134e+00
6.321819351883735116e+00
6.325738641503741988e+00
6.321819351883735116e+00
6.509564249435064731e+00
6.398083462233827845e+00
6.398083462233827845e+00
6.387101022350440083e+00
6.339742137408703293e+00
6.420320064347595945e+00
6.321819351883735116e+00
6.338592803875698678e+00
6.343715378249395798e+00
6.338592803875698678e+00
6.398083462233827845e+00
6.338592803875698678e+00
6.498228951109908280e+00
6.464329186163901397e+00
6.464329186163901397e+00
6.464329186163901397e+00
6.601204347478943468e+00
6.428975054415501766e+00
6.575528935553991872e+00
6.613275973504633143e+00
6.438423933592545723e+00
6.438423933592545723e+00
6.593655998488650027e+00
6.575528935553991872e+00
6.502237281571843219e+00
6.438423933592545723e+00
6.267015769501899314e+00
6.271384406430273728e+00
6.271384406430273728e+00
6.267015769501899314e+00
6.509564249435064731e+00
6.509564249435064731e+00
6.575528935553991872e+00
6.271384406430273728e+00
6.444610129378378183e+00
6.444610129378378183e+00
6.413379181884186764e+00
6.444610129378378183e+00
6.413379181884186764e+00
6.270212541709865306e+00
6.329431174433172380e+00
6.338784942613706619e+00
6.338784942613706619e+00
6.329431174433172380e+00
6.270212541709865306e+00
6.324286420172119172e+00
6.342962830177865996e+00
6.497907648308925310e+00
6.613275973504633143e+00
6.613275973504633143e+00
6.497907648308925310e+00
6.338784942613706619e+00
6.359218239648954274e+00
6.285397245478283601e+00
6.497907648308925310e+00
6.365602482184785416e+00
6.483424557514142705e+00
6.483424557514142705e+00
6.405668290583489188e+00
6.483424557514142705e+00
6.185290644053663023e+00
6.405668290583489188e+00
6.128468396773317117e+00
6.128468396773317117e+00
6.128468396773317117e+00
6.206869301467535571e+00
6.373679932484337840e+00
6.324286420172119172e+00
6.324286420172119172e+00
6.373679932484337840e+00
6.206869301467535571e+00
6.146023285136581471e+00
6.294850975285385175e+00
6.267911106032948432e+00
6.373679932484337840e+00
6.291907351069621512e+00
6.285397245478283601e+00
6.291907351069621512e+00
6.308070416594406815e+00
6.228055896752554332e+00
6.267911106032948432e+00
6.181088017961553049e+00
6.291907351069621512e+00
6.175548571242434726e+00
6.185290644053663023e+00
6.175548571242434726e+00
6.129309502354664652e+00
6.175548571242434726e+00
6.070505714462527180e+00
6.070505714462527180e+00
6.070505714462527180e+00
5.887558772790562500e+00
5.887558772790562500e+00
6.052980826857567109e+00
6.031873363610309902e+00
6.236573978806689844e+00
6.236573978806689844e+00
6.236573978806689844e+00
6.248211777269341738e+00
6.031873363610309902e+00
6.205309283801552667e+00
6.051768827816044194e+00
6.201384527105164857e+00
6.276254226747546738e+00
6.232132128746442845e+00
6.232132128746442845e+00
6.169937899850316931e+00
6.205309283801552667e+00
6.181047209747274174e+00
6.201384527105164857e+00
6.143677252526588362e+00
6.232132128746442845e+00
6.009584419945251277e+00
6.009584419945251277e+00
6.143677252526588362e+00
6.146023285136581471e+00
6.146023285136581471e+00
6.051768827816044194e+00
6.228055896752554332e+00
6.201384527105164857e+00
6.129309502354664652e+00
6.143677252526588362e+00
6.030476241487713551e+00
6.030476241487713551e+00
6.030476241487713551e+00
6.009584419945251277e+00
5.965746072764487096e+00
5.965746072764487096e+00
6.060366237401343170e+00
6.168456023320162629e+00
6.108800988126424691e+00
6.045657791293429284e+00
6.045657791293429284e+00
6.108800988126424691e+00
6.060366237401343170e+00
6.047299311576699310e+00
6.168456023320162629e+00
6.282696221098175826e+00
6.239225818981140037e+00
6.239987299769003570e+00
6.276254226747546738e+00
6.276254226747546738e+00
6.239987299769003570e+00
6.045657791293429284e+00
6.082674689654173683e+00
5.983989339098944704e+00
5.983989339098944704e+00
6.176940595936119216e+00
6.239987299769003570e+00
6.206999988347941866e+00
6.231329555404878207e+00
6.231329555404878207e+00
6.230346653341042540e+00
6.231329555404878207e+00
6.176940595936119216e+00
5.983989339098944704e+00
6.206999988347941866e+00
6.052110946039486628e+00
6.230346653341042540e+00
6.125655852888648667e+00
6.018144483448916837e+00
6.018144483448916837e+00
6.010326175400387605e+00
6.018144483448916837e+00
6.052110946039486628e+00
6.010326175400387605e+00
6.008225658033735428e+00
6.008225658033735428e+00
6.105203378870498021e+00
6.033272989276486697e+00
6.117107382246375735e+00
6.054772588447644210e+00
6.054772588447644210e+00
5.999870522188976096e+00
5.975696004924957450e+00
5.998089016900307158e+00
6.054772588447644210e+00
5.807985202728962904e+00
6.021145247081481244e+00
6.047299311576699310e+00
6.047299311576699310e+00
6.021145247081481244e+00
6.021145247081481244e+00
6.105380737782732048e+00
6.082674689654173683e+00
6.105380737782732048e+00
6.105380737782732048e+00
5.806625441403920007e+00
5.982705269268316250e+00
5.982705269268316250e+00
5.983989339098944704e+00
5.982705269268316250e+00
5.806625441403920007e+00
5.901682423008907108e+00
5.783127110672501736e+00
6.312682445755710248e+00
6.312682445755710248e+00
6.341180347590810840e+00
6.033235970183508101e+00
6.236147856313018600e+00
6.215724715018787094e+00
5.901682423008907108e+00
6.250666980341600620e+00
6.117107382246375735e+00
6.117107382246375735e+00
6.250666980341600620e+00
6.341180347590810840e+00
6.377539901654661669e+00
6.236147856313018600e+00
6.478363288183770052e+00
6.215724715018787094e+00
6.378989287491707572e+00
6.222832409766357209e+00
6.253332594653752352e+00
6.250666980341600620e+00
6.122942650767156714e+00
6.058504931497527224e+00
6.058504931497527224e+00
6.063077060230961379e+00
6.058504931497527224e+00
6.477450919574420318e+00
6.451632002040660119e+00
6.478363288183770052e+00
6.366819876464872685e+00
6.378989287491707572e+00
6.312776206749890484e+00
6.253332594653752352e+00
6.046569474916298148e+00
6.122942650767156714e+00
5.855194433199111259e+00
6.063077060230961379e+00
5.557461466539585615e+00
5.974842553682901070e+00
5.974842553682901070e+00
5.467707756393558327e+00
5.974842553682901070e+00
6.326433311588916197e+00
6.051302513355592438e+00
6.366819876464872685e+00
6.312776206749890484e+00
5.855194433199111259e+00
5.557461466539585615e+00
5.887859695971807028e+00
6.010135615302347745e+00
5.944710437722466878e+00
6.196661384464931643e+00
6.196661384464931643e+00
6.196661384464931643e+00
6.296935326915777509e+00
5.944710437722466878e+00
6.484967281115587845e+00
5.887859695971807028e+00
6.425822674936756407e+00
6.296935326915777509e+00
6.264491118519737611e+00
6.474966054187043518e+00
6.472440114081703832e+00
6.484967281115587845e+00
6.465583400393477120e+00
6.425822674936756407e+00
6.475247977878717975e+00
6.358154227535914416e+00
6.338660436443192658e+00
6.472440114081703832e+00
6.265398504536056734e+00
6.465583400393477120e+00
6.251152381578379824e+00
6.475247977878717975e+00
6.368654026587180716e+00
6.275172573057699488e+00
6.265398504536056734e+00
5.889129542650614724e+00
6.368654026587180716e+00
6.377539901654661669e+00
6.377539901654661669e+00
6.425822674936756407e+00
6.033235970183508101e+00
6.451632002040660119e+00
6.475247977878717975e+00
6.326433311588916197e+00
6.368654026587180716e+00
6.302486306398102478e+00
6.302486306398102478e+00
6.302486306398102478e+00
6.051302513355592438e+00
5.975604081545539792e+00
5.975604081545539792e+00
6.192428544317143846e+00
6.321884395285872316e+00
6.202772591332387009e+00
6.264491118519737611e+00
6.264491118519737611e+00
6.202772591332387009e+00
6.249275809547144789e+00
6.249275809547144789e+00
6.402555918536214641e+00
6.321884395285872316e+00
6.456512114565521543e+00
6.311392891046646803e+00
6.339480927197770121e+00
6.202772591332387009e+00
6.366548372602637507e+00
6.338660436443192658e+00
6.366548372602637507e+00
6.251381126479485850e+00
6.251381126479485850e+00
6.281285720143322315e+00
6.456512114565521543e+00
6.325752649885718171e+00
6.339480927197770121e+00
6.330919976976416841e+00
6.366548372602637507e+00
6.304035495018083246e+00
6.275172573057699488e+00
6.304035495018083246e+00
6.251381126479485850e+00
6.330919976976416841e+00
6.304035495018083246e+00
5.852821974843929631e+00
6.264328885637434396e+00
6.264328885637434396e+00
5.889008104735839133e+00
5.889008104735839133e+00
6.264328885637434396e+00
6.249275809547144789e+00
6.451333300721436181e+00
5.852821974843929631e+00
5.889008104735839133e+00
6.256339869527568709e+00
6.256339869527568709e+00
6.267546115046926047e+00
5.820090922934699762e+00
6.069747525384150855e+00
6.069121846291953837e+00
6.218587418401153144e+00
6.267546115046926047e+00
6.271294851158243588e+00
6.069747525384150855e+00
6.264803913114693756e+00
6.069121846291953837e+00
6.325723829200757820e+00
6.203235095908067542e+00
6.463920453817863176e+00
6.451333300721436181e+00
6.451333300721436181e+00
6.463920453817863176e+00
6.262963547743455983e+00
6.206960424707059332e+00
6.264803913114693756e+00
6.108228803875877411e+00
6.325723829200757820e+00
6.206383448462119645e+00
6.463920453817863176e+00
6.361040433099252489e+00
6.259030658894731758e+00
6.259030658894731758e+00
6.255478595980386025e+00
6.173102861512758111e+00
6.108228803875877411e+00
6.361040433099252489e+00
6.255478595980386025e+00
5.801882888629909196e+00
6.198033861655084742e+00
6.198033861655084742e+00
6.218587418401153144e+00
6.198033861655084742e+00
6.259030658894731758e+00
6.032301578146379128e+00
6.032301578146379128e+00
6.032301578146379128e+00
5.801882888629909196e+00
6.189033335882268005e+00
6.189033335882268005e+00
6.339614793966236839e+00
6.142194618969372577e+00
6.142194618969372577e+00
6.142194618969372577e+00
6.270459295358020491e+00
6.386157283060173384e+00
6.351162443364140486e+00
6.270459295358020491e+00
6.291312613686500299e+00
6.331231797369911263e+00
6.223477886906847445e+00
6.351162443364140486e+00
6.270494601606946716e+00
6.248076761891645958e+00
6.045788025965596724e+00
6.223477886906847445e+00
5.866606331845291677e+00
5.866606331845291677e+00
6.386157283060173384e+00
6.029068800417603846e+00
6.008652466715048490e+00
6.271294851158243588e+00
6.271294851158243588e+00
6.008652466715048490e+00
5.820090922934699762e+00
6.263997022661553338e+00
6.274324877596776595e+00
6.029068800417603846e+00
6.190464406239676087e+00
6.008652466715048490e+00
6.104429704934057455e+00
6.206960424707059332e+00
6.104429704934057455e+00
6.274324877596776595e+00
6.224508001313464156e+00
6.190464406239676087e+00
6.080301564854477370e+00
6.104429704934057455e+00
5.994179913703276519e+00
6.173102861512758111e+00
5.994179913703276519e+00
6.224508001313464156e+00
5.843161982719521141e+00
6.080301564854477370e+00
5.739659516071592193e+00
5.994179913703276519e+00
5.620461827793668874e+00
6.171153576784158545e+00
6.171153576784158545e+00
6.171153576784158545e+00
5.866606331845291677e+00
5.843161982719521141e+00
5.739659516071592193e+00
5.620461827793668874e+00
6.120975962641997725e+00
6.281719746248964675e+00
6.281719746248964675e+00
6.281719746248964675e+00
6.478226796907913254e+00
6.464795017179671532e+00
6.320865978448922284e+00
6.320865978448922284e+00
6.301220253157689299e+00
6.320865978448922284e+00
5.608546802043561819e+00
6.120975962641997725e+00
6.297107561753783500e+00
5.987075068168061343e+00
6.279940491695205296e+00
6.294254444985549313e+00
6.103756256132944813e+00
5.608546802043561819e+00
6.178628830819286932e+00
6.129050158513292601e+00
6.143930359665201735e+00
6.143930359665201735e+00
6.129050158513292601e+00
6.279940491695205296e+00
6.387356906145058133e+00
6.294254444985549313e+00
6.438943178089185260e+00
6.255666413694750183e+00
6.371455458559086793e+00
6.103756256132944813e+00
6.323238548290677663e+00
6.178628830819286932e+00
6.350543303923163130e+00
6.291312613686500299e+00
6.291312613686500299e+00
6.350543303923163130e+00
6.143930359665201735e+00
6.387356906145058133e+00
6.287491035943602924e+00
6.438943178089185260e+00
6.235174034380074559e+00
6.371455458559086793e+00
6.314516727482063274e+00
6.323238548290677663e+00
6.255549920078477655e+00
6.350543303923163130e+00
6.126708683386271836e+00
6.248076761891645958e+00
6.126708683386271836e+00
5.961082035076847419e+00
6.287491035943602924e+00
5.959695912935078610e+00
5.959695912935078610e+00
5.903342968369797994e+00
6.314516727482063274e+00
5.888148067217711557e+00
6.255549920078477655e+00
5.842682798151101586e+00
6.126708683386271836e+00
5.803894246433629611e+00
6.238137106588469649e+00
6.238137106588469649e+00
5.834041696151269107e+00
5.834041696151269107e+00
6.238137106588469649e+00
6.045788025965596724e+00
5.959695912935078610e+00
5.888148067217711557e+00
5.842682798151101586e+00
5.803894246433629611e+00
5.873572195582640987e+00
6.282265493947586599e+00
6.332945599323346997e+00
6.052894695040741624e+00
6.307288754999393454e+00
6.386189494532861666e+00
6.282646092201646937e+00
6.220733609546392984e+00
6.188894075660420491e+00
6.229530497286341451e+00
6.242452587459566438e+00
6.242452587459566438e+00
6.229530497286341451e+00
6.307288754999393454e+00
6.480502011912356863e+00
6.386189494532861666e+00
6.549096561303941577e+00
6.269675831504595287e+00
6.399359728278393611e+00
6.282646092201646937e+00
6.404856023064525949e+00
6.220733609546392984e+00
6.502535580880758559e+00
6.188894075660420491e+00
6.458815337434979043e+00
6.464795017179671532e+00
6.464795017179671532e+00
6.458815337434979043e+00
6.242452587459566438e+00
6.480502011912356863e+00
6.307193790747218642e+00
6.549096561303941577e+00
6.293144741618666771e+00
6.399359728278393611e+00
6.304549160519637319e+00
6.404856023064525949e+00
6.336949581106305907e+00
6.502535580880758559e+00
6.547183088943032025e+00
6.458815337434979043e+00
6.531451715065071717e+00
6.368720653414218447e+00
6.368720653414218447e+00
6.342789397701764642e+00
6.368720653414218447e+00
6.152356959050301555e+00
6.307193790747218642e+00
6.005301755743615466e+00
6.293144741618666771e+00
5.996204212427688418e+00
5.996204212427688418e+00
6.014943501843670326e+00
6.336949581106305907e+00
6.048948940102578220e+00
6.547183088943032025e+00
6.138008496244819590e+00
6.531451715065071717e+00
6.039237896607710709e+00
6.342789397701764642e+00
6.021710325717562817e+00
6.109683450606354427e+00
6.109683450606354427e+00
5.974377560454613878e+00
5.987075068168061343e+00
5.974377560454613878e+00
6.109683450606354427e+00
5.961082035076847419e+00
5.996204212427688418e+00
6.048948940102578220e+00
6.138008496244819590e+00
6.039237896607710709e+00
5.974377560454613878e+00
6.282265493947586599e+00
6.368622312943740482e+00
6.368622312943740482e+00
6.368622312943740482e+00
6.500054849583614569e+00
6.500054849583614569e+00
6.443554066683972792e+00
6.433973658265247586e+00
6.430910076716576995e+00
6.451709689919335133e+00
6.336595437167138023e+00
6.430910076716576995e+00
5.961082035076847419e+00
3.053850588625873552e+00
4.135440723902121363e+00
4.125468306201904412e+00
4.034468512789520567e+00
4.871183127788470735e+00
5.971394423420707476e+00
5.933315421636989662e+00
5.884465531410350891e+00
5.884465531410350891e+00
5.884465531410350891e+00
6.060039069626691699e+00
6.336575124631185219e+00
6.335251722080897707e+00
6.270409272826093172e+00
6.243013621623875409e+00
6.178485973151929045e+00
6.304509931762043884e+00
6.309744807443570025e+00
6.298585450557112608e+00
6.298585450557112608e+00
6.309744807443570025e+00
6.335251722080897707e+00
6.580737108233338795e+00
6.270409272826093172e+00
6.466832967345175653e+00
6.243013621623875409e+00
6.455139829229369575e+00
6.251432568843147131e+00
6.492759678054091488e+00
6.178485973151929045e+00
6.471168031631846063e+00
6.304509931762043884e+00
6.442600358423793416e+00
6.443554066683972792e+00
6.443554066683972792e+00
6.442600358423793416e+00
6.298585450557112608e+00
6.580737108233338795e+00
6.453198303351763698e+00
6.466832967345175653e+00
6.457944623496052472e+00
6.455139829229369575e+00
6.434526836854296050e+00
6.492759678054091488e+00
6.562476159391205321e+00
6.471168031631846063e+00
6.396937710642879082e+00
6.442600358423793416e+00
6.419253315350499811e+00
6.451709689919335133e+00
6.419253315350499811e+00
6.047337411657806250e+00
6.047337411657806250e+00
6.054597925891832766e+00
6.457944623496052472e+00
6.066297141410045057e+00
6.434526836854296050e+00
6.098021828876078132e+00
6.562476159391205321e+00
6.189008388494926294e+00
6.396937710642879082e+00
6.253379136667304827e+00
6.419253315350499811e+00
6.145214342875740421e+00
6.413515435959322275e+00
6.413515435959322275e+00
6.077595277670086560e+00
6.077595277670086560e+00
6.413515435959322275e+00
6.289270826400181313e+00
6.289270826400181313e+00
6.309750635888741854e+00
6.156694247524847619e+00
6.304051818304195365e+00
6.415394150060047984e+00
6.415394150060047984e+00
6.423347693507017730e+00
6.403966574615425067e+00
6.403966574615425067e+00
6.418862858656267711e+00
6.304051818304195365e+00
6.460721143046201043e+00
6.336575124631185219e+00
6.689805983823629454e+00
6.419899468370636519e+00
6.366394890572653509e+00
6.418862858656267711e+00
6.414773606739663236e+00
6.414773606739663236e+00
6.512341944625817725e+00
6.460721143046201043e+00
6.527813524227990882e+00
6.689805983823629454e+00
6.502004034280219891e+00
6.414773606739663236e+00
6.220465835654087172e+00
6.527813524227990882e+00
6.054375763436818048e+00
6.502004034280219891e+00
6.052894695040741624e+00
6.004840017182309531e+00
6.336595437167138023e+00
5.971394423420707476e+00
6.152356959050301555e+00
6.005301755743615466e+00
6.047337411657806250e+00
6.066297141410045057e+00
6.098021828876078132e+00
6.189008388494926294e+00
6.253379136667304827e+00
6.077595277670086560e+00
6.004840017182309531e+00
3.056211662313535360e+00
4.163955036972087242e+00
5.278011564645779252e+00
6.414673746444756297e+00
6.674108228933716802e+00
6.156764830545792044e+00
6.563836381333048031e+00
3.056211662313535360e+00
3.053850588625873552e+00
4.163955036972087242e+00
4.135440723902121363e+00
4.135440723902121363e+00
4.135440723902121363e+00
4.163955036972087242e+00
6.414673746444756297e+00
6.405660562764436072e+00
6.674108228933716802e+00
6.859588436298727387e+00
6.563836381333048031e+00
6.794978115402085628e+00
3.005558604597973638e+00
3.005558604597973638e+00
4.871183127788470735e+00
4.871183127788470735e+00
5.214192155041407872e+00
6.405660562764436072e+00
6.390926377029898298e+00
6.859588436298727387e+00
6.618318144852159968e+00
6.794978115402085628e+00
6.747171148454758516e+00
6.454331024098670433e+00
6.559145008910366670e+00
6.568761600792239363e+00
6.658302453751253402e+00
6.530686182944335449e+00
6.623885057968363910e+00
6.539591131124848467e+00
6.658302453751253402e+00
6.588704641439552923e+00
6.623885057968363910e+00
6.514205301463200648e+00
6.578240120033646221e+00
6.557819958127253379e+00
6.586281215200604500e+00
6.578240120033646221e+00
6.538921508894575574e+00
6.540907814251593067e+00
6.588704641439552923e+00
6.497566097638829419e+00
6.514205301463200648e+00
6.510848913333325605e+00
6.557819958127253379e+00
6.531370537103062368e+00
6.531732332386640749e+00
6.184838355097265428e+00
6.544071084190935750e+00
6.544071084190935750e+00
6.623726312234659908e+00
6.501020382029026656e+00
6.718749084138591066e+00
6.585754445767785015e+00
6.802433243548715147e+00
6.363227465335653754e+00
6.577534443698129785e+00
6.326198035333476355e+00
6.526350488877348255e+00
6.350928863901085464e+00
6.350928863901085464e+00
6.555206932583625523e+00
6.538921508894575574e+00
6.556227053768996171e+00
6.524217933293124716e+00
6.524217933293124716e+00
6.614988808497740180e+00
6.718749084138591066e+00
6.841995940582895841e+00
6.802433243548715147e+00
6.908398005364446703e+00
6.577534443698129785e+00
6.562055376987157018e+00
6.526350488877348255e+00
6.427169875412532818e+00
6.555206932583625523e+00
6.429143973715166105e+00
6.656496590142764624e+00
6.412231958858614966e+00
6.529310298575900617e+00
6.614988808497740180e+00
6.495772188669906022e+00
6.666776026271504563e+00
6.647831958151985354e+00
6.841995940582895841e+00
6.799270603545741309e+00
6.908398005364446703e+00
6.437138684518266984e+00
6.562055376987157018e+00
6.290371754942545302e+00
6.427169875412532818e+00
6.229575380928953798e+00
6.429143973715166105e+00
6.200246842745185560e+00
6.412231958858614966e+00
6.136507600720108258e+00
6.161490504402293844e+00
6.263078496196888167e+00
6.378383746260262832e+00
6.415406561488573800e+00
6.366918019163012588e+00
6.366918019163012588e+00
6.415406561488573800e+00
6.156694247524847619e+00
6.060039069626691699e+00
6.136507600720108258e+00
6.456880607921757331e+00
6.161490504402293844e+00
6.391395086810076620e+00
6.263078496196888167e+00
6.446175820942888990e+00
6.419899468370636519e+00
6.419899468370636519e+00
6.446175820942888990e+00
6.415406561488573800e+00
6.403966574615425067e+00
6.366918019163012588e+00
6.456880607921757331e+00
6.476448911283702259e+00
6.391395086810076620e+00
6.274195453901425523e+00
6.446175820942888990e+00
6.298207035764539441e+00
6.413166137740890171e+00
6.413166137740890171e+00
6.391673052767795404e+00
6.391673052767795404e+00
6.413166137740890171e+00
6.366394890572653509e+00
6.476448911283702259e+00
6.038576359641337987e+00
6.274195453901425523e+00
5.895120962241564122e+00
6.298207035764539441e+00
5.865591806503948291e+00
6.391673052767795404e+00
6.005970711741291268e+00
6.381996945830609391e+00
6.039533685049911504e+00
6.399710191122343517e+00
6.399710191122343517e+00
6.065621203921780058e+00
6.065621203921780058e+00
6.399710191122343517e+00
6.029113661353571629e+00
6.220465835654087172e+00
6.050973853104555822e+00
6.156764830545792044e+00
6.509999334774931867e+00
6.054908113983679563e+00
6.054908113983679563e+00
6.076570313876314522e+00
6.469695804661124150e+00
6.125691690887411944e+00
6.565160723459525727e+00
6.138256336725211426e+00
6.564429360661043766e+00
6.251081214925872764e+00
6.538335594439261378e+00
6.198659407705618740e+00
6.627513081008010509e+00
6.258563238632990355e+00
6.556522450282574077e+00
6.509999334774931867e+00
6.732791850695511116e+00
6.469695804661124150e+00
6.747400948753564442e+00
6.565160723459525727e+00
6.698154738219652238e+00
6.564429360661043766e+00
6.633989686719991674e+00
6.538335594439261378e+00
6.614292453210618206e+00
6.627513081008010509e+00
6.694525100878493618e+00
6.556522450282574077e+00
6.605817209919073285e+00
6.595088668209521110e+00
6.599063769947392188e+00
6.732791850695511116e+00
6.710570118715885712e+00
6.747400948753564442e+00
6.732865965848623624e+00
6.698154738219652238e+00
6.519360183681173204e+00
6.633989686719991674e+00
6.515998027551218819e+00
6.614292453210618206e+00
6.510591948049229138e+00
6.694525100878493618e+00
6.631770876906607270e+00
6.605817209919073285e+00
6.492849101352166308e+00
6.599063769947392188e+00
6.500818368737848907e+00
6.310694673487678763e+00
6.595088668209521110e+00
6.265433444539720398e+00
6.532661874356744391e+00
6.442325054199325329e+00
6.710593846082860026e+00
6.374914613724610213e+00
6.634232034244603504e+00
6.349717273493141967e+00
6.669434944738384274e+00
6.399591140598457351e+00
6.653003855316728554e+00
6.511732109276536562e+00
6.691302239380433114e+00
6.469316543269451714e+00
6.693452117211910135e+00
6.532661874356744391e+00
6.652439224829091557e+00
6.710593846082860026e+00
6.821435154199376072e+00
6.634232034244603504e+00
6.711397118043579191e+00
6.669434944738384274e+00
6.719109313342361389e+00
6.653003855316728554e+00
6.673318078543959864e+00
6.691302239380433114e+00
6.702139526833756022e+00
6.693452117211910135e+00
6.651212879987620674e+00
6.559145008910366670e+00
6.619514707858496827e+00
6.652439224829091557e+00
6.563083141486713679e+00
6.821435154199376072e+00
6.530227025431840637e+00
6.711397118043579191e+00
6.653201636088929227e+00
6.719109313342361389e+00
6.654904761825846116e+00
6.673318078543959864e+00
6.525413054704362281e+00
6.702139526833756022e+00
6.418193863975852231e+00
6.456023147405380413e+00
6.456023147405380413e+00
6.651212879987620674e+00
6.507409298257767816e+00
6.619514707858496827e+00
6.184838355097265428e+00
6.221991918865480642e+00
6.084251963518849671e+00
6.170986751233662027e+00
6.065035468105172356e+00
6.192798359332607916e+00
6.002584672681283706e+00
6.174211994882861099e+00
5.884460331552433310e+00
6.196397408300710730e+00
6.269745208333456610e+00
6.153837730489268409e+00
6.151466945232438199e+00
6.170986751233662027e+00
6.414700129444442567e+00
6.192798359332607916e+00
6.329896211140675355e+00
6.174211994882861099e+00
6.307336761579395379e+00
6.196397408300710730e+00
6.330464240276024945e+00
6.269745208333456610e+00
6.378879301875733709e+00
6.153837730489268409e+00
6.384165484414342728e+00
6.151466945232438199e+00
6.450394421572886117e+00
6.316391344279059794e+00
6.699939224673256533e+00
6.414700129444442567e+00
6.319320661752588109e+00
6.329896211140675355e+00
6.379210526878905441e+00
6.307336761579395379e+00
6.380794764202631697e+00
6.330464240276024945e+00
6.304001250495015363e+00
6.378879301875733709e+00
6.326295800309839734e+00
6.384165484414342728e+00
6.318361436066602721e+00
6.450394421572886117e+00
6.355537204491387371e+00
6.699939224673256533e+00
6.371203946680206620e+00
6.124478325408984070e+00
6.319320661752588109e+00
6.088959914480780000e+00
6.379210526878905441e+00
5.977955048770091651e+00
6.380794764202631697e+00
5.926589074911128741e+00
6.304001250495015363e+00
5.924958508583170413e+00
5.924958508583170413e+00
6.141791080149324955e+00
6.318361436066602721e+00
6.079693074339298065e+00
6.355537204491387371e+00
5.996402204820098447e+00
6.371203946680206620e+00
5.978212012677825093e+00
6.054375763436818048e+00
3.005558604597973638e+00
4.136773535798819346e+00
4.023740369212796431e+00
5.243725966904326796e+00
5.192323880025336180e+00
6.390926377029898298e+00
6.279371109084511460e+00
6.618318144852159968e+00
6.221157941867242691e+00
6.747171148454758516e+00
4.023740369212796431e+00
5.192323880025336180e+00
6.279371109084511460e+00
6.221157941867242691e+00
5.924958508583170413e+00
5.821289113771980439e+00
6.079693074339298065e+00
5.738307798643133673e+00
5.996402204820098447e+00
5.617338257795431389e+00
5.978212012677825093e+00
6.710570118715885712e+00
6.519360183681173204e+00
6.515998027551218819e+00
6.122077390065147284e+00
6.510591948049229138e+00
6.280038708449489526e+00
6.631770876906607270e+00
6.185387368122945873e+00
6.492849101352166308e+00
6.309029718726207214e+00
6.500818368737848907e+00
6.300825351550906284e+00
6.563083141486713679e+00
6.276845317228111121e+00
6.530227025431840637e+00
6.287158699283655672e+00
6.653201636088929227e+00
6.353329829520246719e+00
6.654904761825846116e+00
6.392337309787206046e+00
6.525413054704362281e+00
6.383582152505399065e+00
6.418193863975852231e+00
6.478753795140496763e+00
5.608885604234925104e+00
6.038576359641337987e+00
5.895120962241564122e+00
5.865591806503948291e+00
6.005970711741291268e+00
6.065621203921780058e+00
6.029113661353571629e+00
6.037215289262474194e+00
5.944460943621767690e+00
5.944460943621767690e+00
5.944460943621767690e+00
6.050973853104555822e+00
6.224512779698407883e+00
6.273682226463525247e+00
6.400552797164857921e+00
6.412654010967635543e+00
6.361058087274101602e+00
6.265433444539720398e+00
6.442325054199325329e+00
6.374914613724610213e+00
6.224512779698407883e+00
6.349717273493141967e+00
6.273682226463525247e+00
6.399591140598457351e+00
6.400552797164857921e+00
6.511732109276536562e+00
6.412654010967635543e+00
6.469316543269451714e+00
6.361058087274101602e+00
6.454331024098670433e+00
6.454049449606917399e+00
6.454049449606917399e+00
6.456023147405380413e+00
5.549644682110225880e+00
6.125691690887411944e+00
6.138256336725211426e+00
6.251081214925872764e+00
6.198659407705618740e+00
6.258563238632990355e+00
6.310694673487678763e+00
5.724716334370942405e+00
5.680331177248179486e+00
5.817063963498975809e+00
6.384407213340692167e+00
6.273237614197553214e+00
6.356229769139273067e+00
6.318928447265126813e+00
6.242874757919659956e+00
6.228180829669995866e+00
6.296857033009341187e+00
6.334215458356434070e+00
6.384407213340692167e+00
6.568761600792239363e+00
6.273237614197553214e+00
6.530686182944335449e+00
6.356229769139273067e+00
6.539591131124848467e+00
6.539591131124848467e+00
6.539591131124848467e+00
6.356229769139273067e+00
6.242874757919659956e+00
6.512115574791950579e+00
6.228180829669995866e+00
6.532530873187132769e+00
6.296857033009341187e+00
6.477517521604835515e+00
6.334215458356434070e+00
6.497315011772760940e+00
6.556216703333785922e+00
6.531370537103062368e+00
6.512115574791950579e+00
6.494404873787433807e+00
6.532530873187132769e+00
6.681746385389158327e+00
6.477517521604835515e+00
6.564505163630595774e+00
6.531732332386640749e+00
6.531732332386640749e+00
6.564505163630595774e+00
6.274774273819399895e+00
6.507409298257767816e+00
6.431912991824987103e+00
6.540907814251593067e+00
6.442443216053058030e+00
6.497566097638829419e+00
6.531370537103062368e+00
6.531370537103062368e+00
6.556216703333785922e+00
6.494404873787433807e+00
6.323367665917611902e+00
6.681746385389158327e+00
6.498265480330442934e+00
6.564505163630595774e+00
6.345377547189767320e+00
6.534573759524740844e+00
6.534573759524740844e+00
6.401690675914677442e+00
6.192522327147724326e+00
6.162439980490091784e+00
6.126089401800755674e+00
6.300526999699461506e+00
6.087415238892472935e+00
6.149098491667251309e+00
5.549644682110225880e+00
6.225746313831935552e+00
6.258295269437978092e+00
6.258295269437978092e+00
6.225746313831935552e+00
6.192522327147724326e+00
6.520116223112906617e+00
6.526469438379496779e+00
6.526469438379496779e+00
6.520116223112906617e+00
6.126089401800755674e+00
6.501020382029026656e+00
6.300526999699461506e+00
6.585754445767785015e+00
6.087415238892472935e+00
6.363227465335653754e+00
6.149098491667251309e+00
6.326198035333476355e+00
6.225746313831935552e+00
6.350928863901085464e+00
6.258295269437978092e+00
6.520116223112906617e+00
6.524217933293124716e+00
6.526469438379496779e+00
6.401690675914677442e+00
6.534573759524740844e+00
6.412361165242659311e+00
6.529310298575900617e+00
6.377997627527498992e+00
6.495772188669906022e+00
6.491176122196791631e+00
6.647831958151985354e+00
6.643365831165328750e+00
6.799270603545741309e+00
6.338574599458091541e+00
6.437138684518266984e+00
6.139820165164834975e+00
6.290371754942545302e+00
6.145654176179334627e+00
6.229575380928953798e+00
5.680331177248179486e+00
6.084251963518849671e+00
5.817063963498975809e+00
6.065035468105172356e+00
6.002584672681283706e+00
5.884460331552433310e+00
6.156218265704126225e+00
6.200246842745185560e+00
6.052872517627161386e+00
6.124478325408984070e+00
6.060010218776928248e+00
6.088959914480780000e+00
5.968526776767919095e+00
5.977955048770091651e+00
5.926589074911128741e+00
6.122077390065147284e+00
6.280038708449489526e+00
6.185387368122945873e+00
6.309029718726207214e+00
6.300825351550906284e+00
6.276845317228111121e+00
6.287158699283655672e+00
6.353329829520246719e+00
6.392337309787206046e+00
6.478753795140496763e+00
6.478753795140496763e+00
6.454049449606917399e+00
6.274774273819399895e+00
6.412361165242659311e+00
6.377997627527498992e+00
6.491176122196791631e+00
6.643365831165328750e+00
6.338574599458091541e+00
6.139820165164834975e+00
6.145654176179334627e+00
6.156218265704126225e+00
6.431912991824987103e+00
6.442443216053058030e+00
6.325376915851197879e+00
6.249390170768780450e+00
6.323367665917611902e+00
6.498265480330442934e+00
6.345377547189767320e+00
6.401690675914677442e+00
6.052872517627161386e+00
6.060010218776928248e+00
5.968526776767919095e+00
5.915634489363288395e+00
6.023018707071038591e+00
6.023018707071038591e+00
6.023018707071038591e+00
5.821289113771980439e+00
5.738307798643133673e+00
5.617338257795431389e+00
5.608885604234925104e+00
